102.31292	96.12899	106.71743	115.87641	109.51957	104.83197	104.89759	101.78705	101.33496	104.15083	117.43914	100.13496	112.07829	107.04557	104.50264	98.48406	99.86364	103.48336	94.16699	108.67792	109.60329	103.47879	107.55022	96.67216	98.4183	113.58911	100.97423	98.26083	114.96499	108.80271	112.39268	101.74896	102.5026	100.76916	110.22327	109.7166	106.00152	102.0736	105.59459	97.19268	
96.12899	94.16699	85.00816	98.2668	106.99784	107.38784	94.16699	96.67216	98.26083	98.26083	96.67216	96.67216	99.83904	99.86364	102.10181	95.7644	99.86364	96.03229	97.19268	100.19528	103.47879	101.74896	109.30105	103.47879	102.5026	100.76916	112.09972	100.76916	102.5026	100.13496	98.48406	98.4183	104.50264	109.60329	102.0736	98.73139	98.39257	105.67602	100.97423	101.33496	
96.12899	94.16699	85.00816	98.2668	94.16699	94.16699	92.29863	98.868	92.21223	110.05231	96.67216	98.26083	98.26083	96.67216	96.67216	96.67216	104.44088	99.49784	98.26083	89.05707	96.67216	96.67216	107.38784	110.27464	106.99784	99.83904	94.68704	92.39755	99.86364	102.10181	99.86364	99.86364	99.86364	102.10181	95.7644	96.03229	97.19268	105.52728	100.19528	101.74896	
94.16699	85.00816	98.2668	94.16699	94.16699	92.29863	98.868	92.21223	83.90042	111.05718	86.53265	94.16699	98.2668	94.30332	102.12421	92.29863	96.12899	110.05231	99.49784	90.8776	105.86104	110.05231	110.05231	99.49784	96.67216	98.26083	98.26083	96.67216	96.67216	96.67216	104.44088	98.26083	96.67216	96.67216	96.67216	96.67216	102.42868	96.67216	90.6667	89.05707	
94.16699	85.00816	98.2668	94.16699	94.16699	92.29863	98.868	92.21223	83.90042	111.05718	86.53265	94.16699	98.2668	94.30332	102.12421	92.29863	98.2668	92.29863	92.21223	92.29863	102.12421	92.21223	92.21223	111.05718	94.30332	86.53265	94.16699	92.29863	94.16699	92.29863	99.49784	99.49784	99.49784	99.49784	99.49784	99.49784	113.13445	90.8776	90.8776	96.0943	
85.00816	89.15944	86.53265	102.12421	102.12421	111.05718	86.53265	111.05718	111.05718	86.53265	85.00816	86.53265	82.53821	88.76083	89.49001	102.12421	102.12421	93.18096	86.53265	86.53265	83.90042	93.06559	92.29863	98.868	92.21223	92.29863	92.29863	92.21223	92.29863	92.21223	92.21223	92.29863	92.29863	93.14585	98.868	98.1162	92.21223	92.21223	92.21223	113.13445	
89.15944	82.53821	84.96495	89.15944	89.15944	85.00816	86.53265	86.53265	86.53265	85.00816	86.53265	88.76083	86.53265	86.53265	83.53186	86.53265	86.53265	86.53265	86.53265	86.53265	83.71313	86.53265	86.53265	83.90042	83.90042	89.49001	93.18096	108.24647	101.52421	102.12421	102.12421	102.12421	102.12421	110.05657	86.17125	98.868	98.868	92.91512	93.68546	98.868	
89.15944	82.53821	84.96495	89.15944	89.15944	89.15944	84.96495	89.15944	82.53821	89.15944	86.65141	84.25271	89.15944	83.53186	83.71313	88.76083	83.90042	83.90042	88.76083	86.53265	86.53265	85.09726	86.53265	85.00816	83.90042	85.00816	83.90042	86.53265	85.00816	86.53265	86.53265	86.53265	86.53265	86.53265	86.53265	86.53265	86.53265	86.53265	86.53265	83.90042	
89.15944	84.96495	89.15944	89.15944	89.15944	84.96495	89.15944	89.15944	86.65141	84.25271	89.15944	89.15944	87.37901	89.15944	78.25996	84.25271	89.15944	79.73624	89.15944	84.96495	82.53821	82.53821	82.53821	82.53821	80.31741	83.71313	88.76083	88.76083	86.53098	83.2289	85.09726	83.0021	83.90042	85.00816	83.90042	83.90042	85.00816	85.09726	85.00816	85.00816	
89.15944	84.96495	89.15944	89.15944	89.15944	84.96495	89.15944	89.15944	86.65141	89.15944	89.15944	87.37901	89.15944	89.15944	79.73624	89.15944	84.96495	84.96495	87.37901	89.15944	84.96495	89.15944	89.15944	89.15944	75.94716	89.15944	84.96495	89.15944	81.85598	81.14696	84.25271	78.25996	84.25271	84.25271	78.8149	82.82125	79.97255	82.53821	82.53821	82.53821	
84.96495	84.96495	86.65141	87.37901	79.73624	84.96495	84.96495	87.37901	84.96495	75.60368	84.96495	81.14696	84.96495	84.96495	88.48217	86.65141	84.96495	79.6554	84.96495	81.35718	84.96495	87.7418	84.96495	81.85598	78.25996	78.8149	89.15944	89.15944	84.25271	88.98923	84.25271	84.25271	89.15944	89.15944	89.15944	89.15944	89.15944	89.15944	89.15944	89.15944	
84.96495	84.96495	87.37901	79.73624	84.96495	84.96495	87.37901	84.96495	84.96495	81.14696	84.96495	84.96495	88.48217	84.96495	79.6554	84.96495	81.35718	84.96495	87.7418	84.96495	72.91876	86.46164	84.96495	87.37901	81.35718	84.96495	79.6554	79.6554	84.96495	79.6554	84.96495	86.65141	75.60368	86.65141	86.65141	78.05123	75.60368	86.65141	86.65141	78.25996	
87.37901	79.73624	87.37901	81.14696	88.48217	79.6554	81.35718	87.7418	72.91876	87.37901	81.35718	79.6554	79.6554	79.6554	77.72571	81.71124	79.6554	87.37901	78.65252	88.48217	87.37901	85.69596	87.37901	88.48217	79.6554	81.35718	75.60368	84.96495	84.96495	75.60368	77.71898	80.31223	84.96495	75.60368	84.96495	84.96495	84.96495	84.96495	84.96495	84.96495	
87.37901	79.73624	87.37901	81.14696	88.48217	81.35718	87.7418	72.91876	87.37901	81.35718	81.71124	87.37901	88.48217	87.37901	85.69596	87.37901	88.48217	81.35718	87.37901	81.14696	87.37901	81.35718	81.71124	87.37901	88.48217	87.37901	87.37901	87.37901	77.44705	85.69596	87.37901	87.37901	87.37901	88.48217	88.48217	80.31223	75.60368	75.60368	77.72571	75.60368	
79.73624	81.14696	88.48217	81.35718	87.7418	72.91876	81.35718	81.71124	88.48217	85.69596	88.48217	81.35718	81.14696	81.35718	81.71124	88.48217	77.44705	85.69596	88.48217	88.48217	88.48217	86.36182	81.14696	77.44705	88.48217	81.35718	81.35718	81.14696	79.07919	81.35718	81.35718	77.44705	81.35718	81.14696	85.69596	71.91411	85.69596	80.31223	87.31431	75.60368	
70.55686	88.48217	88.48217	77.44705	71.14874	72.91876	72.91876	81.35718	81.71124	81.71124	85.69596	81.14696	79.73624	86.36182	87.7418	79.07919	81.35718	77.44705	79.07919	79.73624	81.14696	88.48217	85.69596	77.44705	81.71124	81.35718	81.14696	85.69596	88.48217	81.14696	81.35718	88.48217	85.69596	81.35718	81.35718	88.48217	88.48217	88.48217	88.48217	81.14696	
70.05462	88.48217	88.48217	81.71124	77.44705	81.35718	77.44705	72.91876	70.81898	85.69596	72.91876	71.14874	72.77096	70.55686	86.12859	79.07919	71.14874	70.55686	79.73624	87.7418	81.14696	81.14696	81.35718	81.14696	79.73624	87.7418	88.48217	79.07919	79.73624	85.69596	79.07919	77.44705	81.71124	81.35718	81.35718	81.14696	85.69596	72.91876	72.91876	81.71124	
70.05462	88.48217	88.48217	81.71124	72.91876	70.20459	81.35718	77.44705	85.69596	77.44705	72.77096	81.14696	86.12859	77.44705	79.07919	71.14874	71.14874	87.7418	71.14874	79.73624	81.35718	81.14696	79.73624	87.7418	88.48217	79.07919	79.73624	85.69596	81.71124	79.07919	81.35718	79.07919	79.73624	72.77096	81.14696	81.35718	85.69596	72.91876	72.91876	88.48217	
70.05462	88.48217	77.44705	70.20459	81.71124	81.35718	72.91876	81.71124	85.69596	72.91876	72.77096	71.14874	81.14696	79.73624	86.12859	77.8403	71.14874	87.7418	81.35718	78.76848	81.14696	79.07919	88.48217	87.7418	79.73624	77.44705	85.69596	81.35718	79.73624	79.07919	81.14696	85.69596	72.91876	72.77096	72.91876	72.77096	81.71124	79.07919	87.7418	88.48217	
68.52017	88.48217	88.48217	76.99696	70.20459	81.71124	81.35718	85.69596	72.91876	77.44705	81.71124	71.14874	72.77096	77.8403	81.35718	72.77096	79.73624	86.12859	87.7418	81.14696	78.76848	81.14696	79.73624	81.14696	71.14874	71.14874	87.7418	88.48217	77.44705	79.07919	79.07919	86.12859	85.69596	79.73624	81.35718	72.91876	72.91876	81.14696	72.77096	81.71124	
65.89982	88.48217	81.71124	76.11422	72.91876	70.20459	81.35718	80.12888	68.52017	85.69596	79.14815	71.14874	72.77096	77.8403	70.20459	68.52017	71.14874	72.77096	77.44705	87.7418	86.12859	78.76848	81.35718	71.14874	79.07919	81.35718	87.7418	88.48217	85.92969	77.44705	86.12859	81.71124	81.35718	72.91876	85.69596	72.77096	81.71124	79.07919	79.07919	86.12859	
65.89982	88.48217	65.9541	76.11422	68.47504	83.93792	70.20459	81.63197	80.12888	81.35718	72.91876	68.52017	72.91876	79.14815	81.71124	86.12859	71.14874	81.35718	68.52017	87.7418	72.77096	86.12859	77.8403	70.20459	76.11422	77.44705	72.77096	71.14874	78.76848	71.14874	68.52017	88.48217	87.7418	77.44705	79.07919	78.76848	79.07919	81.35718	72.77096	72.91876	
65.89982	88.48217	88.48217	65.9541	72.91876	68.29647	70.20459	81.63197	76.11422	81.35718	76.11422	68.52017	68.52017	83.93792	81.71124	83.93792	86.12859	80.12888	86.12859	80.12888	71.14874	72.77096	87.7418	77.8403	77.44705	70.20459	79.14815	81.35718	68.47504	71.14874	72.77096	79.14815	71.14874	78.76848	87.7418	88.48217	79.07919	81.35718	71.14874	78.76848	
88.48217	64.92721	65.9541	81.35718	66.98864	68.52017	81.63197	70.20459	72.91876	76.11422	72.91876	76.11422	72.77096	83.93792	86.12859	83.93792	81.71124	77.8403	70.20459	80.12888	86.12859	87.7418	71.14874	77.44705	68.29647	79.14815	76.11422	68.47504	71.14874	79.14815	80.12888	80.12888	68.52017	70.20459	71.14874	78.76848	88.48217	87.7418	81.35718	71.14874	
64.92721	88.48217	88.48217	65.9541	72.79764	68.52017	81.63197	81.35718	70.20459	72.77096	64.92721	66.98864	76.11422	80.12888	81.71124	83.93792	79.14815	76.11422	86.12859	83.93792	77.44705	81.35718	86.12859	77.8403	70.20459	80.12888	87.7418	71.14874	68.29647	76.11422	68.47504	71.14874	66.98864	68.52017	71.14874	78.76848	79.14815	87.7418	70.20459	71.14874	
64.92721	106.76808	88.48217	66.93842	77.27244	65.9541	81.63197	81.35718	81.35718	72.77096	65.9541	64.92721	76.34826	76.11422	72.79764	70.20459	70.20459	76.11422	83.93792	81.71124	71.14874	72.79764	86.12859	83.93792	86.12859	87.7418	71.14874	72.79764	70.20459	71.14874	87.7418	88.48217	70.20459	76.11422	81.71124	86.12859	83.93792	87.7418	81.35718	87.7418	
64.92721	106.76808	88.48217	66.93842	75.84625	81.63197	81.35718	77.27244	67.84407	65.9541	72.79764	64.92721	65.9541	81.35718	72.77096	71.14874	72.79764	71.14874	72.77096	83.93792	70.20459	81.71124	83.93792	86.12859	72.79764	86.12859	87.7418	70.20459	65.9541	70.20459	88.48217	87.7418	70.20459	81.71124	83.93792	87.7418	72.77096	72.79764	72.79764	83.93792	
106.76808	64.92721	64.92721	88.48217	65.9541	66.93842	81.35718	81.63197	75.84625	72.79764	64.92721	75.84625	67.84407	67.41707	65.9541	77.27244	77.49033	81.35718	71.14874	72.79764	70.20459	71.14874	72.77096	83.93792	66.93842	83.93792	81.71124	86.12859	72.79764	72.77096	86.12859	87.7418	72.77096	70.20459	65.9541	70.20459	67.84407	88.48217	87.7418	81.71124	
106.76808	63.59039	104.70954	88.48217	81.35718	75.84625	66.49654	81.63197	66.93842	72.79764	65.9541	67.84407	64.92721	77.27244	77.49033	75.84625	67.41707	72.79764	72.77096	71.14874	83.93792	86.12859	83.93792	70.20459	81.71124	71.14874	106.76808	72.77096	72.79764	66.93842	67.41707	86.12859	71.14874	72.77096	87.7418	70.20459	65.9541	64.92721	70.20459	64.92721	
106.76808	63.59039	63.59039	104.70954	88.48217	80.81063	81.63197	75.84625	66.49654	66.93842	67.84407	72.79764	65.41481	65.9541	72.09398	77.49033	77.03941	67.41707	75.84625	72.79764	72.77096	77.27244	81.71124	83.93792	87.7418	70.20459	86.12859	83.93792	71.14874	70.20459	106.76808	72.79764	72.77096	66.49654	64.92721	67.41707	86.12859	64.92721	65.9541	66.93842	
106.76808	68.73546	63.59039	106.76808	104.70954	88.48217	72.79764	81.63197	66.36551	80.81063	75.84625	65.9541	65.41481	65.9541	72.09398	77.49033	80.81063	67.41707	67.84407	75.84625	70.20459	77.03941	77.27244	72.77096	83.93792	83.93792	87.7418	63.59039	67.84407	81.71124	86.12859	72.77096	71.14874	70.20459	72.79764	66.93842	66.93842	86.12859	64.92721	67.41707	
106.76808	63.59039	88.48217	104.54178	75.84625	81.63197	80.81063	65.41481	65.9541	66.36551	72.79764	65.9541	72.79764	72.09398	77.03941	67.84407	77.49033	71.14874	63.83814	80.81063	77.27244	67.41707	67.84407	70.20459	72.77096	81.71124	83.93792	104.70954	83.93792	86.12859	106.76808	66.36551	72.77096	66.93842	87.7418	86.12859	63.59039	67.41707	66.93842	75.84625	
106.76808	63.59039	63.59039	106.76808	104.50558	88.48217	80.81063	72.79764	75.84625	81.63197	66.36551	65.9541	65.41481	67.84407	65.9541	70.20459	72.09398	67.41707	77.49033	63.83814	77.03941	77.27244	72.77096	81.71124	83.93792	86.12859	87.7418	83.93792	72.77096	71.14874	72.79764	66.36551	66.93842	67.41707	86.12859	66.93842	71.14874	77.03941	75.84625	67.84407	
106.76808	63.59039	106.76808	63.59039	104.50558	88.48217	80.81063	75.42363	81.63197	66.36551	65.41481	65.9541	75.84625	70.20459	65.9541	72.79764	72.09398	77.49033	67.41707	63.83814	67.84407	67.84407	77.27244	77.03941	82.96016	87.7418	106.76808	83.93792	86.12859	72.77096	71.14874	66.8438	72.77096	86.12859	67.41707	66.93842	72.79764	81.71124	66.36551	83.93792	
106.76808	63.59039	104.50558	88.48217	80.81063	65.84319	75.42363	65.41481	81.63197	75.84625	66.36551	70.20459	72.79764	77.03941	67.41707	67.84407	77.49033	63.83814	67.84407	72.77096	77.27244	85.25422	82.96016	104.50558	106.76808	72.09398	71.14874	66.8438	72.77096	67.41707	86.87443	87.7418	72.79764	63.59039	66.93842	81.71124	66.36551	72.09398	71.14874	83.93792	
63.59039	106.76808	63.59039	106.76808	88.48217	104.50558	65.84319	80.81063	65.41481	81.63197	75.42363	75.84625	66.36551	70.20459	73.76155	77.03941	67.41707	67.84407	77.49033	63.83814	77.27244	85.25422	72.79764	67.84407	72.09398	72.77096	86.87443	104.50558	106.76808	72.77096	71.14874	66.93842	66.83913	67.41707	87.7418	81.71124	83.93792	66.8438	71.14874	82.96016	
63.0284	106.76808	106.76808	104.50558	88.48217	80.81063	80.90877	65.41481	65.84319	66.36551	75.42363	75.84625	65.84319	73.76155	72.79764	70.20459	77.49033	77.27244	67.41707	67.84407	85.25422	67.84407	72.77096	77.03941	63.83814	105.16938	72.09398	71.14874	75.42363	72.77096	66.83913	66.93842	67.41707	86.87443	87.7418	81.71124	70.20459	81.63197	72.09398	71.14874	
106.76808	63.0284	63.0284	104.50558	88.48217	80.81063	65.41481	80.90877	65.84319	75.84625	66.36551	65.84319	75.42363	81.71124	72.79764	77.03941	77.49033	67.41707	85.25422	63.83814	70.20459	77.27244	67.84407	66.93842	73.76155	67.84407	72.77096	72.09398	66.83913	75.42363	72.77096	85.25422	67.41707	86.87443	87.7418	106.76808	105.16938	73.76155	71.14874	80.90877	
61.90181	106.76808	106.76808	62.83226	103.43962	88.48217	80.81063	80.90877	66.36551	75.84625	81.71124	75.42363	77.49033	72.79764	85.25422	77.03941	67.41707	70.20459	71.14874	67.84407	66.93842	72.09398	67.84407	73.76155	77.27244	72.77096	75.42363	72.77096	104.50558	85.25422	67.41707	66.83913	86.87443	87.7418	105.16938	70.20459	80.90877	72.09398	73.76155	86.87443	
61.90181	106.76808	106.76808	62.83226	102.53475	88.48217	80.90877	80.81063	67.84407	75.84625	75.42363	81.71124	77.49033	72.79764	84.77482	77.03941	66.36551	80.81063	71.14874	67.41707	66.93842	72.09398	70.20459	104.50558	77.27244	72.77096	66.36551	105.16938	72.77096	73.76155	75.42363	66.83913	73.76155	85.25422	67.41707	86.87443	87.7418	80.90877	75.84625	70.20459	
67.36256	106.76808	106.76808	61.90181	102.53475	88.48217	62.29416	80.81063	80.90877	62.83226	67.84407	80.93875	75.42363	75.84625	85.25422	77.49033	72.79764	77.03941	66.36551	71.14874	80.81063	67.41707	62.83226	72.09398	73.76155	72.77096	66.36551	77.27244	70.20459	105.16938	72.77096	75.42363	102.53475	104.50558	85.25422	86.87443	67.41707	66.93842	87.7418	106.76808	
106.76808	106.76808	61.90181	61.90181	102.53475	88.48217	78.18355	62.20855	77.49033	61.90181	80.93875	62.83226	67.84407	66.17421	75.84625	70.20459	75.42363	62.29416	85.25422	72.79764	77.03941	67.41707	71.14874	72.09398	73.76155	77.27244	72.77096	86.87443	105.16938	72.77096	66.93842	102.53475	104.50558	66.93842	66.36551	85.25422	67.41707	75.42363	87.7418	106.76808	
61.90181	106.76808	61.90181	106.76808	102.53475	88.48217	78.18355	77.49033	62.20855	61.90181	67.84407	75.84625	75.42363	66.17421	72.43563	62.29416	80.93875	85.25422	72.79764	77.03941	67.41707	71.14874	62.83226	62.83226	80.93875	70.20459	77.27244	104.50558	86.87443	105.16938	72.09398	66.36551	70.20459	75.42363	73.76155	66.93842	102.53475	73.76155	85.25422	66.93842	
61.90181	106.76808	61.90181	106.76808	101.06808	88.48217	78.18355	62.20855	77.49033	67.84407	75.42363	75.84625	84.6315	66.17421	72.79764	86.87443	80.93875	62.83226	66.36551	77.03941	62.29416	71.14874	62.83226	67.41707	80.93875	73.76155	77.27244	72.09398	72.43563	70.20459	72.43563	66.93842	67.41707	70.20459	73.76155	72.09398	66.93842	70.20459	62.29416	77.49033	
61.90181	106.76808	101.06808	88.48217	78.18355	62.20855	61.90181	77.49033	75.42363	67.84407	75.84625	84.6315	101.06808	106.76808	62.83226	66.17421	80.93875	62.83226	77.03941	67.41707	62.29416	71.14874	77.27244	80.93875	72.43563	70.20459	86.87443	72.09398	72.79764	72.43563	66.36551	73.76155	66.93842	73.76155	72.79764	66.93842	66.17421	67.41707	86.87443	88.48217	
61.90181	106.76808	99.76938	78.18355	88.48217	62.20855	61.90181	77.49033	66.05817	75.42363	106.76808	75.84625	84.6315	62.29416	81.792	62.83226	67.41707	67.84407	70.20459	71.14874	62.83226	72.09398	62.83226	80.93875	77.03941	77.27244	72.43563	67.84407	86.87443	72.43563	72.79764	67.41707	86.87443	88.48217	73.76155	66.93842	70.20459	72.79764	73.76155	66.93842	
61.90181	106.76808	106.76808	98.18772	88.48217	77.49033	62.20855	61.90181	78.18355	106.76808	75.42363	67.84407	75.84625	62.29416	66.05817	77.03941	72.09398	66.05817	67.41707	62.83226	70.20459	71.14874	62.83226	62.83226	77.27244	78.18355	80.93875	84.6315	81.792	72.79764	72.43563	84.6315	86.87443	66.93842	72.43563	73.76155	67.41707	88.48217	73.76155	86.87443	
61.44427	106.76808	106.76808	77.49033	61.88345	78.18355	88.48217	98.18772	98.18772	74.84975	67.84407	66.05817	75.84625	72.79764	71.46552	81.29748	71.14874	70.20459	62.83226	67.41707	84.6315	62.83226	62.83226	78.18355	77.03941	77.27244	80.93875	66.93842	86.60549	73.76155	72.43563	73.76155	66.05817	84.6315	72.43563	67.41707	86.87443	88.48217	66.93842	70.20459	
61.44427	106.76808	106.76808	76.16689	75.84625	98.18772	88.48217	98.18772	67.84407	65.59449	74.84975	61.88345	80.93875	75.84625	72.79764	61.88345	71.14874	62.83226	67.41707	81.29748	84.6315	72.43563	70.20459	62.83226	62.83226	71.46552	86.60549	70.20459	84.6315	73.76155	66.93842	74.84975	67.41707	71.46552	88.48217	86.87443	66.05817	72.43563	66.05817	66.93842	
61.44427	106.76808	106.76808	76.16689	75.84625	88.48217	98.18772	98.18772	65.59449	67.84407	74.84975	75.84625	80.93875	61.44427	61.88345	76.16689	62.83226	67.41707	70.20459	61.88345	81.29748	84.6315	72.79764	62.83226	62.83226	73.76155	71.14874	72.43563	74.84975	84.828	66.93842	72.43563	66.93842	73.76155	86.87443	71.46552	86.60549	71.14874	88.48217	66.05817	
106.76808	65.6401	61.44427	76.16689	75.84625	73.4052	88.48217	98.18772	79.15311	98.18772	106.76808	72.79764	65.59449	67.41707	84.6315	61.88345	61.44427	70.20459	62.83226	71.46552	67.84407	75.84625	61.88345	66.05817	72.43563	67.84407	62.83226	62.83226	86.60549	84.828	66.93842	72.43563	86.87443	88.48217	66.93842	71.14874	71.14874	61.88345	71.14874	66.93842	
61.44427	106.76808	106.76808	76.16689	75.84625	98.18772	88.48217	98.18772	106.76808	72.79764	73.4052	80.19984	61.44427	70.20459	61.88345	84.6315	79.15311	67.41707	67.84407	75.84625	62.83226	61.88345	65.59449	76.16689	65.59449	66.05817	62.83226	62.83226	72.43563	71.46552	67.84407	86.60549	72.43563	73.4052	66.93842	67.41707	86.87443	84.828	71.46552	88.48217	
60.30855	106.76808	106.76808	76.16689	75.84625	96.73117	98.18772	88.48217	70.20459	73.4052	72.79764	67.84407	61.88345	62.83226	80.19984	84.6315	67.41707	66.93842	75.84625	73.4052	61.88345	79.15311	72.43563	65.59449	62.83226	71.46552	76.16689	71.46552	72.79764	65.59449	62.83226	72.43563	86.60549	67.41707	84.828	86.87443	66.05817	88.48217	66.05817	98.18772	
60.30855	106.76808	75.84625	76.16689	96.73117	98.18772	106.76808	88.48217	67.84407	70.20459	62.83226	72.79764	73.4052	65.59449	84.6315	80.19984	67.41707	61.88345	71.46552	77.58583	61.88345	62.83226	71.46552	72.79764	72.43563	66.93842	73.4052	86.60549	84.828	75.84625	72.43563	66.93842	66.05817	79.15311	86.87443	88.48217	67.41707	73.4052	61.88345	98.18772	
60.30855	106.76808	106.76808	76.16689	75.84625	96.73117	98.18772	88.48217	67.84407	70.20459	72.79764	73.4052	62.83226	65.59449	80.19984	62.83226	84.6315	67.41707	74.90549	61.88345	71.46552	60.30855	66.05817	71.46552	79.15311	72.79764	72.43563	61.88345	66.93842	72.43563	86.60549	67.41707	86.87443	84.828	77.58583	88.48217	66.93842	61.88345	77.58583	73.4052	
106.76808	60.30855	60.30855	75.84625	76.16689	98.18772	106.76808	88.48217	96.73117	73.4052	67.84407	72.79764	62.83226	80.19984	62.83226	61.88345	84.6315	70.20459	71.46552	67.41707	61.88345	65.59449	66.05817	70.20459	65.59449	72.43563	72.79764	72.43563	79.15311	60.30855	74.90549	67.41707	73.4052	78.21202	86.60549	74.90549	84.828	71.46552	66.93842	86.87443	
106.76808	60.30855	76.16689	75.84625	98.18772	88.48217	96.73117	106.76808	72.79764	73.4052	67.84407	62.83226	61.88345	62.83226	84.6315	80.19984	67.41707	70.20459	65.59449	66.05817	72.43563	61.88345	65.59449	71.46552	71.46552	73.4052	74.90549	66.93842	70.20459	79.15311	78.21202	72.79764	60.30855	72.43563	86.87443	84.828	86.60549	66.93842	67.41707	60.30855	
106.76808	60.30855	60.30855	106.76808	75.84625	76.16689	98.18772	88.48217	96.73117	73.4052	72.79764	62.83226	84.07603	67.41707	67.84407	61.88345	80.19984	62.83226	61.4784	65.59449	67.84407	71.46552	70.20459	73.4052	65.59449	71.46552	72.43563	72.43563	72.79764	84.828	70.20459	74.90549	76.16689	78.21202	66.05817	66.93842	70.20459	86.60549	74.90549	86.87443	
106.76808	60.30855	60.30855	106.76808	75.84625	76.16689	98.18772	106.76808	96.73117	88.48217	67.41707	72.79764	73.4052	62.83226	70.20459	84.07603	61.88345	66.93842	71.46552	80.19984	62.83226	67.84407	61.4784	65.59449	65.59449	66.05817	73.4052	71.46552	72.79764	84.828	60.30855	67.84407	79.77046	72.43563	74.90549	76.16689	78.21202	72.43563	61.88345	74.90549	
60.30855	106.76808	106.76808	60.30855	75.84625	76.16689	96.31104	98.18772	106.76808	88.48217	70.20459	62.83226	72.79764	67.41707	67.84407	73.4052	65.59449	80.19984	66.93842	61.88345	84.07603	61.4784	84.828	88.48217	66.05817	62.83226	71.46552	71.46552	79.77046	72.43563	72.79764	74.90549	78.21202	72.43563	76.16689	73.4052	98.18772	74.90549	78.21202	73.4052	
69.00249	106.76808	106.76808	75.84625	76.16689	96.31104	65.38265	98.18772	106.76808	88.48217	62.83226	67.41707	61.88345	72.79764	73.4052	62.83226	70.20459	84.07603	84.828	67.84407	71.46552	80.19984	88.48217	67.84407	74.50855	71.46552	60.30855	79.77046	72.79764	72.43563	78.21202	76.16689	61.4784	72.43563	66.93842	66.93842	98.18772	70.20459	61.4784	74.90549	
60.30855	106.76808	106.76808	75.84625	76.16689	70.13951	96.31104	65.38265	98.18772	106.76808	88.48217	73.4052	72.79764	62.83226	67.41707	61.88345	67.84407	62.83226	84.828	67.84407	80.19984	84.07603	72.43563	88.48217	66.93842	74.50855	72.43563	61.4784	72.79764	74.90549	76.16689	78.21202	98.18772	78.21202	79.77046	61.4784	62.83226	66.93842	84.07603	74.90549	
60.30855	106.76808	75.84625	76.16689	70.13951	96.31104	98.18772	106.76808	88.48217	73.4052	64.50172	72.79764	67.41707	67.84407	65.38265	80.19984	84.828	61.88345	84.07603	62.83226	67.84407	88.48217	72.79764	72.43563	61.4784	74.50855	72.43563	76.16689	78.21202	66.93842	61.88345	98.18772	62.83226	79.77046	66.93842	78.21202	72.43563	61.4784	74.90549	65.38265	
60.30855	60.30855	106.76808	106.76808	75.84625	76.16689	96.31104	98.18772	106.76808	88.48217	73.4052	72.79764	67.41707	71.95372	67.84407	64.50172	70.13951	65.38265	62.83226	84.828	70.13951	61.88345	67.84407	80.19984	84.07603	88.48217	66.93842	74.90549	74.50855	76.66689	98.18772	61.88345	72.79764	61.4784	62.83226	78.21202	79.77046	78.21202	65.38265	75.84625	
60.30855	106.76808	106.76808	76.16689	75.84625	96.31104	98.18772	106.76808	88.48217	73.4052	64.50172	72.79764	67.84407	65.38265	62.83226	84.828	67.41707	70.61739	70.13951	67.84407	80.19984	61.88345	84.07603	88.48217	66.93842	70.13951	71.95372	71.95372	61.4784	67.41707	98.18772	72.79764	61.4784	74.90549	62.83226	79.77046	76.66689	78.21202	65.38265	78.21202	
60.30855	106.76808	106.76808	75.84625	76.16689	73.4052	98.18772	106.76808	96.31104	88.48217	64.50172	72.79764	67.84407	65.38265	62.83226	84.07603	67.84407	61.88345	70.13951	80.19984	74.90549	67.41707	88.48217	84.828	66.93842	70.61739	70.13951	61.4784	72.79764	98.18772	61.88345	96.31104	71.95372	61.4784	79.54892	76.66689	67.41707	78.21202	78.21202	71.95372	
60.30855	106.76808	106.76808	75.84625	76.16689	73.4052	103.1664	88.48217	96.31104	65.38265	62.83226	69.94416	72.79764	67.84407	98.18772	80.19984	64.50172	67.41707	74.90549	84.07603	61.88345	88.48217	84.828	70.13951	70.61739	71.95372	66.93842	96.31104	66.93842	98.18772	72.79764	71.95372	61.4784	64.50172	67.41707	76.66689	78.21202	79.43009	67.84407	61.88345	
60.30855	106.76808	76.16689	75.84625	73.4052	103.1664	88.48217	96.31104	65.38265	72.79764	64.50172	69.94416	80.19984	67.84407	62.83226	98.18772	84.07603	67.41707	70.61739	61.88345	88.48217	84.828	106.76808	70.13951	74.90549	71.95372	78.40368	61.4784	66.93842	67.41707	96.31104	66.93842	98.18772	78.21202	71.95372	76.66689	67.84407	61.88345	61.4784	70.13951	
60.30855	106.76808	75.84625	76.16689	73.4052	72.79764	103.1664	96.31104	88.48217	65.38265	62.83226	64.50172	80.19984	67.84407	98.18772	84.07603	74.90549	61.88345	67.41707	88.48217	84.828	106.76808	69.94416	69.94416	70.13951	71.95372	71.95372	61.4784	70.61739	76.66689	78.40368	70.61739	67.33994	66.93842	61.88345	98.18772	96.31104	78.21202	61.4784	67.41707	
60.30855	106.76808	75.84625	76.16689	73.4052	103.1664	88.48217	96.31104	65.38265	64.50172	72.79764	80.19984	62.83226	69.94416	98.18772	84.828	67.84407	67.41707	84.07603	61.88345	88.48217	106.76808	70.13951	71.95372	67.84407	66.93842	78.40368	74.90549	70.61739	70.61739	61.4784	67.33994	71.95372	96.31104	61.88345	98.18772	78.21202	74.90549	72.79764	61.4784	
65.167	106.76808	106.76808	76.16689	75.84625	103.1664	96.31104	88.48217	73.4052	72.79764	64.50172	69.94416	80.11126	65.38265	67.41707	98.18772	62.83226	84.07603	84.828	61.88345	67.84407	88.48217	70.13951	70.61739	67.84407	66.93842	74.90549	71.95372	71.95372	60.30855	77.39714	78.40368	73.4052	98.18772	96.31104	62.83226	61.4784	67.33994	70.13951	70.61739	
106.76808	60.30855	73.94844	76.16689	71.43702	103.1664	88.48217	96.31104	65.38265	64.50172	80.11126	73.4052	73.4052	98.18772	62.83226	61.88345	70.61739	84.828	67.84407	67.41707	84.07603	88.48217	106.76808	69.94416	70.13951	78.40368	67.84407	66.93842	60.30855	76.16689	61.4784	69.94416	67.33994	96.31104	98.18772	61.4784	62.83226	67.41707	61.88345	77.39714	
106.76808	60.30855	76.16689	73.94844	103.1664	88.48217	96.31104	71.43702	73.4052	71.43702	73.94844	64.94795	64.50172	98.18772	61.88345	84.07603	67.84407	80.11126	67.41707	62.83226	70.61739	84.828	88.48217	106.76808	73.4052	70.13951	69.94416	78.40368	69.94416	66.93842	77.39714	61.4784	67.84407	73.4052	65.38265	65.38265	98.18772	96.31104	80.11126	62.83226	
106.76808	60.30855	60.30855	106.76808	76.16689	73.94844	103.1664	88.48217	96.31104	61.88345	71.43702	70.61739	71.43702	73.94844	73.4052	73.4052	63.01331	98.18772	84.07603	64.94795	84.828	67.41707	80.11126	62.83226	66.93842	67.84407	88.48217	65.38265	70.13951	78.40368	69.94416	61.4784	77.39714	69.94416	67.84407	67.41707	96.31104	98.18772	80.11126	64.94795	
60.30855	106.76808	106.76808	76.16689	73.94844	88.48217	96.31104	71.43702	73.4052	61.88345	70.61739	62.83226	98.18772	69.94416	103.1664	63.01331	71.43702	84.828	70.13951	84.07603	80.11126	67.41707	67.84407	65.38265	88.48217	103.1664	73.4052	73.94844	64.94795	78.40368	60.30855	61.4784	67.84407	66.93842	64.94795	96.31104	66.93842	98.18772	80.11126	67.41707	
106.76808	60.30855	60.30855	76.16689	73.94844	88.48217	96.31104	69.94416	67.84407	70.61739	71.43702	73.94844	71.43702	73.4052	63.01331	98.18772	103.1664	62.36786	84.07603	84.828	78.23951	67.41707	80.11126	61.4784	88.48217	106.76808	103.1664	64.94795	73.4052	70.13951	62.83226	64.94795	66.93842	65.38265	61.88345	76.16689	67.41707	73.4052	80.11126	96.31104	
60.30855	106.76808	106.76808	73.94844	76.16689	88.48217	96.31104	69.94416	71.43702	71.43702	73.4052	63.01331	98.18772	103.1664	84.828	78.23951	70.61739	84.07603	80.11126	73.94844	67.41707	67.84407	61.4784	62.83226	88.48217	103.1664	73.4052	70.13951	62.36786	64.94795	67.84407	76.16689	73.94844	76.16689	80.11126	73.4052	64.94795	96.31104	66.93842	98.18772	
106.76808	60.30855	60.30855	106.76808	76.16689	73.94844	88.48217	96.31104	73.4052	62.36786	69.68276	70.61739	61.4784	71.43702	103.1664	98.18772	67.84407	64.94795	63.01331	67.53951	80.11126	84.07603	67.84407	73.94844	64.94795	62.83226	71.43702	84.828	88.48217	103.1664	66.93842	73.4052	70.13951	78.23951	66.93842	73.94844	76.16689	80.11126	78.23951	71.43702	
106.76808	60.30855	60.30855	76.16689	73.94844	96.31104	88.48217	98.18772	67.53951	70.61739	73.4052	61.4784	73.4052	71.43702	63.01331	103.1664	67.84407	64.94795	71.43702	84.828	76.19863	80.11126	80.11126	84.07603	67.84407	66.93842	64.94795	62.83226	88.48217	106.76808	103.1664	73.94844	62.36786	69.68276	62.36786	70.13951	76.16689	73.94844	71.43702	66.93842	
60.30855	106.76808	106.76808	76.16689	73.94844	96.31104	88.48217	67.53951	71.43702	73.94844	71.43702	73.4052	63.01331	103.1664	98.18772	69.68276	64.94795	70.61739	84.828	80.11126	76.19863	80.11126	84.07603	67.84407	73.4052	64.94795	66.93842	88.48217	103.1664	61.4784	67.84407	62.83226	62.36786	66.93842	62.36786	73.4052	98.18772	61.36332	67.84407	61.42414	
65.21014	106.76808	106.76808	76.16689	73.94844	96.31104	88.48217	67.53951	73.4052	71.43702	63.01331	98.18772	103.1664	69.68276	70.61739	71.43702	76.19863	80.11126	84.07603	67.84407	80.11126	66.93842	84.828	88.48217	103.1664	73.94844	73.4052	62.36786	67.84407	61.4784	62.83226	64.94795	69.68276	70.61739	73.94844	62.36786	64.94795	71.43702	73.4052	64.94795	
106.76808	61.4784	76.16689	73.94844	88.48217	96.31104	98.18772	67.53951	66.93842	73.4052	71.43702	71.43702	103.1664	84.07603	64.94795	63.01331	76.19863	80.11126	69.68276	73.94844	80.11126	64.94795	70.61739	88.48217	84.828	67.84407	62.36786	106.76808	103.1664	73.4052	67.84407	62.83226	62.36786	70.61739	73.94844	73.4052	96.31104	69.68276	67.84407	69.68276	
106.76808	61.4784	61.4784	106.76808	76.16689	73.94844	88.48217	96.31104	73.4052	98.18772	66.93842	71.43702	71.43702	73.94844	103.1664	67.84407	84.07603	64.94795	70.61739	84.828	80.11126	76.19863	67.84407	67.53951	80.11126	64.94795	62.83226	88.48217	103.1664	73.4052	69.68276	63.01331	62.36786	62.36786	67.53951	70.61739	63.01331	96.31104	69.68276	69.68276	
106.76808	61.4784	61.4784	76.16689	73.94844	88.48217	96.31104	98.18772	62.17879	67.84407	73.4052	71.43702	103.1664	84.07603	70.61739	64.94795	71.43702	76.19863	67.53951	80.11126	80.11126	69.68276	73.4052	64.94795	66.93842	84.828	88.48217	103.1664	106.76808	73.94844	69.68276	67.84407	61.4784	63.01331	62.83226	66.93842	70.61739	67.53951	71.43702	73.4052	
106.76808	61.4784	61.4784	73.94844	76.16689	88.48217	96.31104	73.4052	98.18772	71.43702	103.1664	84.07603	70.61739	76.19863	80.11126	62.17879	69.68276	80.11126	66.93842	64.94795	71.43702	84.828	67.53951	67.84407	88.48217	103.1664	106.76808	73.94844	73.4052	61.4784	67.84407	63.01331	64.94795	62.83226	66.93842	70.61739	67.53951	76.16689	63.01331	73.94844	
61.4784	106.76808	106.76808	61.4784	73.94844	76.16689	88.48217	96.31104	73.4052	71.43702	71.43702	103.1664	98.18772	67.84407	84.07603	70.61739	84.828	76.19863	67.53951	62.17879	80.11126	73.4052	73.94844	80.11126	64.94795	67.84407	88.48217	103.1664	106.76808	69.68276	64.94795	63.01331	70.61739	69.68276	62.17879	66.93842	63.01331	64.94795	66.93842	98.18772	
60.21768	106.76808	106.76808	75.96451	73.94844	88.48217	96.31104	71.43702	67.53951	73.4052	73.94844	79.95657	98.18772	103.1664	61.4784	64.94795	84.828	71.43702	70.61739	84.07603	79.18276	61.4784	62.17879	69.68276	67.84407	66.93842	88.48217	103.1664	106.76808	76.19863	63.01331	69.68276	73.4052	67.84407	62.17879	70.61739	66.93842	64.94795	73.4052	63.01331	
60.21768	106.76808	73.94844	75.96451	88.48217	96.31104	98.18772	71.43702	67.84407	73.94844	73.4052	79.95657	73.4052	103.1664	69.68276	70.61739	84.07603	67.53951	62.17879	61.4784	66.93842	63.01331	88.48217	84.828	61.4784	103.1664	106.76808	71.43702	67.84407	76.19863	79.18276	62.17879	64.94795	63.01331	66.93842	70.61739	67.53951	75.96451	64.94795	71.43702	
106.76808	60.21768	60.21768	75.96451	73.94844	96.31104	88.48217	69.68276	73.4052	71.43702	98.18772	103.1664	64.94795	84.828	71.43702	79.95657	84.07603	62.17879	61.4784	67.53951	66.93842	64.94795	73.4052	73.94844	63.01331	88.48217	61.4784	103.1664	106.76808	70.61739	67.84407	63.01331	79.18276	76.19863	67.84407	62.17879	67.53951	66.93842	70.61739	75.96451	
106.76808	59.53615	73.94844	75.96451	88.48217	96.31104	69.68276	98.18772	71.43702	67.84407	73.4052	103.1664	73.4052	61.4784	64.94795	84.828	63.01331	70.61739	82.98961	79.95657	62.17879	61.4784	66.93842	64.94795	88.48217	60.21768	103.1664	106.76808	60.21768	71.43702	67.53951	79.18276	73.94844	76.19863	67.84407	62.17879	70.61739	66.93842	73.94844	75.96451	
67.38525	106.76808	106.76808	73.94844	75.96451	71.17712	78.02194	96.31104	88.48217	84.828	73.4052	67.84407	73.4052	103.1664	98.18772	66.77037	67.53951	69.68276	63.01331	64.94795	61.4784	62.17879	64.94795	70.61739	88.48217	84.828	60.21768	103.1664	61.4784	60.21768	73.94844	67.84407	63.01331	62.17879	69.68276	67.43168	76.19863	75.96451	70.61739	96.31104	
59.92504	106.76808	106.76808	75.96451	71.17712	73.94844	72.85282	78.02194	99.2173	96.31104	88.48217	84.828	70.61739	67.84407	69.68276	64.94795	62.17879	60.21768	61.4784	67.84407	63.01331	84.828	88.48217	61.4784	67.53951	63.01331	66.77037	73.94844	76.19863	66.77037	67.43168	64.94795	70.61739	96.31104	98.18772	64.94795	62.17879	69.68276	61.4784	60.21768	
106.76808	59.92504	59.92504	75.96451	73.94844	71.17712	72.85282	88.48217	96.31104	99.2173	106.76808	78.02194	84.828	67.53951	60.21768	64.94795	61.4784	70.61739	62.17879	69.68276	88.48217	84.828	61.4784	67.84407	69.68276	67.84407	66.77037	63.01331	70.61739	67.43168	64.94795	63.01331	96.31104	76.19863	98.18772	67.84407	78.02194	64.94795	66.77037	63.01331	
59.92504	106.76808	106.76808	59.92504	73.94844	75.96451	72.85282	71.17712	99.2173	88.48217	96.31104	106.76808	78.02194	84.828	62.17879	70.61739	71.17712	60.21768	61.4784	69.68276	84.828	88.48217	61.4784	67.53951	67.84407	67.84407	63.01331	64.94795	66.77037	64.94795	66.77037	64.94795	63.01331	96.31104	76.19863	98.18772	69.68276	67.84407	78.02194	64.94795	
106.76808	59.92504	59.92504	73.94844	75.96451	78.92454	88.48217	71.17712	99.2173	72.85282	96.31104	88.48217	106.76808	67.53951	60.21768	67.84407	61.4784	63.01331	70.61739	61.94586	71.17712	69.68276	66.77037	98.18772	67.84407	66.77037	63.01331	64.94795	76.19863	61.4784	70.61739	72.85282	64.94795	75.96451	62.17879	62.17879	64.94795	96.31104	69.68276	78.02194	
106.76808	59.92504	106.76808	59.92504	73.94844	75.96451	78.92454	88.48217	72.85282	71.17712	96.31104	88.48217	99.2173	60.21768	70.61739	67.84407	71.17712	67.53951	61.4784	64.94795	61.94586	69.68276	67.84407	63.01331	62.17879	64.94795	76.19863	66.77037	75.96451	61.4784	63.01331	98.18772	96.31104	69.68276	78.02194	66.77037	64.94795	63.01331	67.53951	66.77037	
106.76808	59.92504	75.58355	72.85282	78.92454	75.96451	88.48217	88.48217	96.31104	99.2173	106.76808	71.17712	70.61739	60.21768	73.94844	67.84407	69.68276	71.17712	67.53951	67.84407	61.4784	98.18772	63.01331	64.94795	63.01331	76.19863	69.68276	61.94586	64.94795	66.77037	62.17879	62.17879	61.4784	64.94795	63.01331	96.31104	78.02194	66.77037	64.94795	67.53951	
59.92504	106.76808	106.76808	75.58355	75.96451	88.48217	78.92454	72.85282	71.17712	88.48217	96.31104	99.2173	71.17712	67.84407	73.94844	61.34755	60.21768	63.01331	64.94795	66.77037	70.61739	69.68276	67.53951	69.68276	67.84407	78.02194	98.18772	63.01331	64.94795	76.19863	61.94586	72.85282	61.4784	70.61739	62.17879	96.31104	64.94795	67.53951	66.77037	62.17879	
59.92504	106.76808	75.58355	75.96451	88.48217	78.92454	99.2173	72.85282	88.48217	96.31104	106.76808	71.17712	71.17712	67.84407	64.94795	70.61739	61.34755	61.94586	67.84407	63.01331	67.53951	63.01331	69.68276	73.94844	78.02194	60.21768	69.68276	66.77037	76.19863	61.4784	75.58355	72.85282	73.94844	64.94795	62.17879	62.17879	64.94795	96.31104	98.18772	66.77037	
106.76808	59.92504	106.76808	59.92504	69.69705	69.68276	78.92454	75.58355	75.96451	88.48217	88.48217	96.31104	99.2173	106.76808	67.53951	60.21768	61.34755	61.94586	67.84407	73.94844	75.58355	72.85282	69.68276	67.84407	63.01331	64.94795	63.01331	66.77037	77.30488	61.4784	66.77037	64.94795	72.85282	62.17879	78.02194	64.94795	63.01331	96.31104	98.18772	67.84407	
106.76808	63.37998	69.69705	75.96451	69.68276	78.92454	75.58355	88.48217	88.48217	96.31104	99.2173	106.76808	61.34755	60.21768	67.53951	62.17879	64.94795	63.01331	72.85282	75.29041	67.84407	67.84407	69.68276	98.18772	66.77037	64.94795	63.01331	61.94586	61.4784	72.85282	96.31104	69.68276	67.84407	73.94844	66.77037	64.94795	67.53951	73.94844	61.94586	75.58355	
60.21768	106.76808	106.76808	69.69705	78.92454	75.96451	69.68276	88.48217	75.58355	99.2173	96.31104	88.48217	61.26907	60.21768	72.85282	64.94795	67.53951	62.17879	66.77037	63.01331	67.84407	63.01331	98.18772	69.68276	67.84407	75.29041	66.77037	69.69705	64.94795	96.31104	69.68276	67.84407	73.94844	64.94795	67.53951	75.58355	73.94844	61.94586	61.94586	72.85282	
60.21768	106.76808	106.76808	75.96451	78.92454	69.69705	69.68276	75.58355	88.48217	88.48217	96.31104	99.2173	106.76808	61.26907	60.21768	65.09568	67.84407	69.69705	62.17879	63.01331	75.29041	67.53951	67.53951	72.85282	67.84407	69.68276	64.94795	63.01331	64.94795	72.85282	64.94795	98.18772	96.31104	69.68276	73.94844	75.58355	61.94586	73.94844	72.85282	98.18772	
60.21768	60.21768	106.76808	106.76808	69.69705	69.68276	75.58355	78.92454	88.48217	75.96451	88.48217	96.31104	99.2173	106.76808	61.26907	65.09568	69.68276	64.94795	63.01331	67.84407	67.53951	78.92454	72.85282	75.96451	67.84407	61.94586	67.53951	64.94795	69.69705	72.85282	62.17879	62.17879	75.29041	96.31104	98.18772	67.84407	63.01331	75.58355	73.94844	75.29041	
60.21768	106.76808	106.76808	69.68276	69.69705	75.96451	78.92454	75.58355	88.48217	88.48217	96.31104	99.2173	61.26907	67.53951	60.21768	67.84407	64.94795	63.01331	65.09568	67.84407	63.01331	78.85765	72.85282	72.85282	69.69705	69.68276	75.96451	62.17879	65.09568	64.94795	61.94586	69.69705	96.31104	98.18772	69.68276	75.58355	73.94844	67.53951	62.17879	75.29041	
60.21768	94.87774	60.21768	106.76808	69.69705	69.68276	75.58355	75.96451	78.92454	88.48217	99.2173	88.48217	96.31104	106.76808	61.26907	67.53951	72.85282	60.21768	65.09568	63.01331	67.84407	76.27255	67.84407	78.92454	69.68276	75.29041	62.17879	64.94795	63.01331	64.94795	69.69705	64.94795	96.31104	98.18772	61.94586	67.84407	69.68276	73.94844	67.53951	62.17879	
94.87774	60.21768	60.21768	78.92454	88.48217	75.58355	69.69705	69.68276	75.96451	94.87774	88.48217	72.85282	61.26907	69.69705	63.01331	60.21768	67.53951	65.09568	75.29041	67.53951	76.27255	78.92454	67.84407	69.68276	67.84407	63.01331	61.94586	64.94795	64.94795	64.94795	65.09568	69.68276	67.84407	73.94844	62.17879	62.17879	73.94844	60.21768	61.26907	76.27255	
94.87774	94.87774	60.21768	60.21768	69.69705	78.92454	88.48217	69.68276	75.96451	75.58355	93.81014	88.48217	60.52602	72.85282	67.84407	61.26907	67.53951	76.27255	78.92454	67.53951	65.09568	75.29041	69.68276	67.84407	63.01331	64.94795	63.01331	63.01331	64.94795	64.94795	69.68276	65.09568	62.17879	73.94844	73.94844	69.69705	72.85282	75.58355	62.17879	61.94586	
94.87774	94.87774	60.21768	60.21768	78.92454	88.48217	69.68276	69.69705	75.96451	75.58355	88.48217	93.81014	69.69705	72.85282	65.09568	60.52602	61.26907	76.27255	78.92454	67.84407	67.53951	67.53951	69.68276	67.84407	63.01331	61.94586	63.01331	64.94795	64.94795	63.01331	64.94795	67.84407	69.68276	75.29041	73.94844	72.85282	73.94844	62.17879	75.58355	75.29041	
94.87774	60.21768	60.21768	94.87774	88.48217	78.92454	69.69705	69.68276	75.58355	75.96451	93.81014	88.48217	60.52602	69.69705	65.09568	61.26907	67.84407	64.94795	72.85282	67.53951	62.17879	76.27255	78.92454	72.85282	67.84407	67.53951	75.29041	69.68276	63.01331	64.94795	63.01331	63.01331	69.68276	73.94844	73.94844	61.94586	93.81014	65.09568	75.58355	61.94586	
94.87774	71.34497	94.87774	60.21768	67.29506	88.48217	78.92454	69.69705	65.09568	75.96451	75.58355	93.81014	88.48217	72.85282	61.26907	60.52602	64.94795	62.17879	69.69705	76.27255	78.92454	64.94795	63.01331	63.01331	65.09568	75.29041	69.69705	72.85282	73.94844	75.58355	73.94844	63.01331	75.29041	61.94586	93.81014	60.52602	63.01331	61.94586	61.26907	76.27255	
60.21768	94.87774	94.87774	88.48217	78.92454	67.29506	66.70956	75.96451	75.58355	69.69705	67.29506	88.48217	93.81014	69.69705	60.52602	64.94795	61.26907	62.17879	69.69705	72.85282	77.77742	63.01331	64.94795	63.01331	74.61272	65.09568	65.09568	76.27255	72.85282	72.85282	73.94844	75.58355	63.01331	75.29041	78.92454	93.96274	60.52602	73.94844	61.94586	61.26907	
59.81552	94.87774	94.87774	69.69705	88.48217	78.92454	67.29506	75.96451	75.58355	67.29506	66.70956	93.81014	88.48217	61.26907	69.69705	63.01331	60.21768	64.94795	60.52602	72.85282	62.17879	77.77742	72.85282	64.94795	76.27255	66.70956	65.09568	74.61272	65.09568	75.29041	61.94586	73.94844	78.92454	75.58355	63.01331	60.52602	73.94844	61.26907	93.96274	94.87774	
59.81552	94.87774	94.87774	78.92454	88.48217	67.29506	75.96451	67.29506	75.58355	69.69705	67.15242	92.77145	69.69705	72.85282	88.48217	61.26907	64.94795	60.52602	62.17879	60.21768	59.81552	77.77742	63.01331	69.69705	61.94586	64.94795	63.01331	76.27255	74.61272	65.09568	75.29041	66.70956	65.09568	72.85282	73.94844	78.92454	63.01331	93.81014	60.52602	61.26907	
59.81552	94.87774	94.87774	78.92454	88.48217	67.29506	60.13137	75.58355	75.96451	67.29506	69.69705	67.15242	59.81552	69.69705	88.48217	92.77145	64.94795	72.85282	62.17879	63.01331	73.94844	69.69705	61.26907	63.01331	66.70956	65.09568	64.94795	65.09568	76.27255	77.77742	72.85282	77.77742	75.58355	63.01331	78.92454	72.85282	93.81014	61.94586	92.77145	93.81014	
94.87774	59.81552	94.87774	59.81552	78.92454	88.48217	69.31144	60.13137	75.96451	75.58355	67.15242	69.69705	67.29506	59.81552	88.48217	92.77145	72.85282	69.69705	73.94844	63.01331	67.29506	62.17879	66.70956	61.94586	64.94795	63.01331	64.94795	76.27255	65.09568	65.09568	75.58355	64.94795	75.58355	77.77742	69.69705	72.85282	72.85282	73.94844	77.77742	63.01331	
94.87774	59.81552	78.92454	88.48217	68.02075	69.69705	75.58355	75.96451	67.15242	92.77145	67.29506	60.13137	59.81552	88.48217	63.01331	64.94795	72.85282	62.17879	60.13137	66.70956	61.94586	94.87774	73.94844	64.94795	65.09568	65.09568	77.77742	69.69705	76.27255	69.69705	72.85282	61.94586	75.58355	73.94844	63.01331	67.29506	78.92454	77.77742	73.94844	72.85282	
94.87774	59.81552	94.87774	59.81552	78.92454	88.48217	75.58355	66.70956	75.96451	67.05062	68.02075	60.13137	64.43981	69.69705	59.81552	69.69705	92.77145	88.48217	72.85282	62.17879	63.01331	60.59598	68.02075	63.01331	61.94586	92.77145	76.27255	65.09568	65.09568	69.69705	73.94844	77.77742	72.85282	73.94844	75.58355	73.94844	78.24308	72.85282	67.29506	61.94586	
94.87774	59.81552	59.81552	94.87774	78.92454	88.48217	67.85292	75.58355	75.96451	67.05062	66.70956	69.69705	59.97861	60.13137	88.48217	92.77145	63.01331	67.29506	72.85282	69.69705	62.17879	60.59598	64.43981	64.43981	72.85282	61.94586	94.87774	92.77145	77.77742	66.70956	75.58355	73.94844	65.09568	76.27255	69.69705	73.94844	73.94844	63.01331	65.09568	61.94586	
59.81552	59.81552	94.87774	94.87774	78.92454	88.48217	67.85292	66.11274	75.96451	75.58355	59.97861	60.13137	72.85282	88.48217	92.77145	69.69705	67.29506	67.05062	69.69705	60.59598	64.43981	65.09568	64.43981	73.94844	63.01331	65.09568	61.94586	92.77145	94.87774	62.17879	63.01331	73.94844	69.69705	75.58355	76.27255	77.77742	69.69705	72.85282	63.01331	75.58355	
94.87774	68.45577	59.81552	78.92454	88.48217	75.96451	75.58355	60.13137	59.97861	72.85282	69.69705	67.05062	67.85292	67.85292	92.77145	88.48217	69.69705	66.11274	64.43981	67.29506	65.09568	66.11274	63.01331	73.94844	77.77742	61.04033	61.94586	65.09568	92.77145	94.87774	62.17879	69.69705	75.58355	75.58355	76.27255	73.94844	72.85282	63.01331	63.01331	60.59598	
94.87774	59.81552	78.92454	88.48217	75.96451	75.58355	64.43981	60.01162	88.48217	92.77145	60.13137	66.86353	69.69705	67.85292	67.29506	66.11274	72.85282	65.09568	69.69705	73.94844	75.58355	67.05062	67.85292	72.85282	61.04033	61.94586	63.01331	65.09568	92.77145	94.87774	59.97861	69.69705	67.85292	60.59598	62.17879	76.27255	77.77742	62.17879	69.69705	63.01331	
59.81552	94.87774	94.87774	78.92454	88.48217	75.96451	69.69705	75.58355	64.43981	66.11274	60.01162	67.85292	92.77145	60.13137	88.48217	63.01331	72.85282	65.09568	66.86353	69.69705	67.29506	73.94844	75.58355	77.77742	67.05062	67.85292	72.85282	92.77145	62.17879	59.97861	76.27255	67.85292	61.94586	61.04033	73.94844	63.01331	60.59598	65.09568	62.17879	65.09568	
59.81552	94.87774	94.87774	79.25895	88.48217	69.69705	75.96451	75.58355	64.43981	66.11274	60.01162	72.85282	92.77145	88.48217	60.13137	67.85292	63.01331	67.29506	66.86353	67.85292	67.05062	65.09568	61.94586	65.09568	92.77145	63.01331	73.94844	76.27255	69.69705	67.85292	60.59598	75.58355	75.58355	77.77742	69.69705	73.94844	77.77742	59.97861	61.04033	62.17879	
94.87774	59.81552	59.81552	79.25895	88.48217	75.58355	75.96451	72.85282	69.69705	64.43981	60.01162	69.69705	60.13137	92.77145	88.48217	67.85292	63.01331	67.29506	66.11274	65.09568	62.17879	73.94844	67.05062	66.86353	67.85292	94.87774	92.77145	76.27255	67.85292	60.59598	75.58355	61.04033	66.11274	77.77742	77.77742	73.94844	75.58355	66.86353	59.97861	61.94586	
59.81552	59.81552	94.87774	94.87774	88.48217	79.25895	75.96451	75.58355	69.69705	67.85292	69.69705	88.48217	92.77145	60.13137	64.43981	67.29506	60.01162	66.11274	72.85282	65.09568	62.17879	75.58355	67.05062	66.86353	67.85292	72.85282	73.94844	61.94586	63.01331	65.09568	92.77145	94.87774	73.94844	76.27255	60.59598	78.78374	77.77742	63.01331	59.97861	66.86353	
59.81552	94.87774	94.87774	79.25895	88.48217	75.58355	75.96451	66.11274	60.01162	92.77145	88.48217	60.13137	66.38157	67.85292	69.69705	64.43981	63.01331	67.29506	72.85282	65.09568	69.69705	67.85292	69.69705	62.17879	60.59598	72.85282	73.94844	61.94586	67.05062	92.77145	94.87774	63.01331	59.97861	76.27255	67.85292	64.43981	77.77742	73.94844	75.58355	78.78374	
59.81552	94.87774	94.87774	79.25895	88.48217	75.58355	69.69705	75.96451	66.38933	65.09568	67.85292	66.38157	60.01162	88.48217	60.13137	92.77145	66.11274	64.43981	72.85282	61.94586	62.17879	60.59598	73.94844	63.01331	94.25765	73.94844	59.97861	76.27255	67.85292	69.69705	66.11274	64.43981	77.77742	92.77145	69.69705	72.85282	63.01331	75.58355	63.01331	78.78374	
94.87774	59.81552	59.81552	79.25895	88.48217	75.96451	75.58355	66.38157	60.01162	67.85292	88.48217	92.77145	60.13137	69.69705	66.38933	66.11274	63.01331	72.85282	69.69705	69.69705	62.17879	64.43981	65.09568	77.77742	61.94586	64.43981	66.90441	60.90708	66.11274	63.01331	59.97861	67.85292	65.09568	75.58355	73.94844	75.58355	94.25765	76.27255	92.77145	72.85282	
94.87774	94.87774	59.81552	59.81552	79.25895	88.48217	69.69705	75.96451	75.58355	66.38157	60.13137	60.01162	67.85292	73.94844	88.48217	92.77145	66.38933	66.11274	65.09568	72.85282	69.69705	77.77742	62.07317	60.90708	64.43981	64.43981	72.85282	66.90441	63.01331	94.25765	76.27255	67.85292	66.11274	65.09568	61.94586	75.58355	92.77145	63.01331	75.58355	59.97861	
94.87774	70.00199	59.81552	94.87774	79.25895	88.48217	75.96451	69.69705	75.58355	67.85292	60.01162	73.19308	88.48217	92.77145	65.09568	63.01331	64.43981	60.13137	66.38933	69.69705	72.85282	62.07317	66.38157	60.90708	66.11274	75.58355	61.94586	94.25765	63.01331	66.11274	66.38157	72.85282	67.85292	79.25895	77.77742	76.27255	77.77742	92.77145	72.85282	59.97861	
59.81552	94.87774	94.87774	88.48217	79.25895	75.96451	75.58355	92.46212	69.69705	65.09568	60.13137	60.01162	69.69705	66.38933	73.19308	88.48217	67.85292	64.43981	63.01331	66.38157	72.85282	67.85292	66.11274	66.11274	75.58355	61.94586	94.25765	63.01331	76.27255	66.38157	64.43981	62.07317	79.25895	60.90708	77.77742	77.77742	67.85292	72.85282	72.85282	59.97861	
59.81552	94.87774	79.25895	88.48217	75.58355	75.96451	92.46212	66.38933	65.09568	60.01162	72.85282	73.19308	60.13137	88.48217	69.69705	67.85292	66.38157	69.69705	63.01331	69.69705	62.07317	64.43981	66.11274	61.94586	63.01331	66.11274	66.38157	67.85292	94.25765	77.77742	60.90708	76.27255	77.77742	79.25895	67.85292	64.43981	72.85282	60.90708	59.97861	64.43981	
94.87774	59.81552	59.81552	94.87774	80.35051	88.48217	75.96451	75.58355	67.85292	60.13137	60.01162	72.85282	91.44221	69.69705	65.09568	66.11274	64.43981	69.69705	63.01331	69.69705	62.07317	66.38157	66.38933	88.48217	75.58355	73.19308	61.94586	63.01331	66.38933	94.25765	66.11274	66.38157	59.97861	65.09568	64.43981	92.46212	73.19308	72.85282	77.77742	79.25895	
59.81552	94.87774	94.87774	79.18128	88.48217	75.58355	75.96451	69.69705	67.85292	72.85282	66.38933	73.19308	63.01331	60.13137	60.01162	77.77742	66.38157	60.13137	61.94586	91.44221	88.48217	64.43981	92.46212	66.11274	65.09568	64.43981	94.25765	65.09568	63.01331	66.11274	66.38157	67.85292	69.69705	62.07317	72.85282	69.69705	59.97861	60.01162	62.07317	66.38933	
94.87774	59.81552	59.81552	94.87774	79.18128	88.48217	75.96451	75.58355	72.85282	66.38933	61.94586	91.44221	69.69705	67.85292	65.09568	73.19308	63.01331	60.13137	60.01162	77.77742	69.69705	66.38157	66.11274	88.48217	64.43981	67.85292	64.43981	75.58355	63.01331	62.07317	66.38157	69.69705	66.11274	60.13137	92.46212	94.25765	72.85282	67.85292	69.69705	79.18128	
59.81552	94.87774	94.87774	88.48217	79.18128	75.96451	75.58355	60.01162	65.09568	72.85282	66.38933	73.19308	67.85292	69.69705	64.43981	60.13137	66.38157	69.69705	66.11274	91.44221	88.48217	67.85292	66.11274	92.46212	61.94586	75.58355	63.01331	59.81552	77.77742	66.38157	69.69705	62.07317	60.13137	94.25765	77.77742	67.85292	72.85282	69.69705	63.01331	79.18128	
94.87774	59.81552	59.81552	88.48217	79.18128	75.96451	75.58355	69.69705	60.01162	65.09568	64.43981	67.85292	60.13137	72.85282	66.38933	73.19308	61.94586	91.44221	66.38157	69.69705	66.11274	88.48217	94.25765	75.58355	63.01331	63.01331	77.77742	59.81552	67.85292	66.38157	66.11274	62.07317	92.46212	72.85282	79.18128	69.69705	63.01331	77.77742	62.07317	60.13137	
94.87774	59.57158	79.18128	88.48217	75.96451	75.58355	66.38933	65.09568	64.43981	67.85292	61.94586	73.19308	69.69705	60.13137	60.01162	72.85282	69.69705	63.01331	91.44221	88.48217	60.13137	66.38157	92.46212	75.58355	66.11274	63.01331	94.25765	59.81552	66.11274	59.81552	60.01162	77.77742	75.96451	67.85292	69.69705	62.07317	66.38157	72.85282	77.77742	79.18128	
94.87774	59.57158	79.18128	88.48217	75.96451	75.58355	60.13137	72.85282	73.19308	91.44221	61.94586	67.85292	69.69705	65.09568	60.01162	69.69705	69.69705	88.48217	66.38157	66.38933	66.11274	92.46212	64.43981	66.11274	59.69853	64.43981	66.38933	94.25765	75.58355	59.81552	63.01331	63.01331	62.07317	66.38157	67.85292	77.77742	59.81552	65.09568	60.01162	72.85282	
70.46503	94.87774	94.87774	79.18128	88.48217	75.96451	75.58355	69.69705	67.85292	72.85282	66.38933	61.94586	77.77742	91.7017	60.13137	60.01162	91.44221	66.38157	69.69705	88.48217	60.13137	66.11274	64.43981	73.19308	75.58355	65.09568	63.01331	64.43981	59.69853	59.81552	63.01331	65.09568	62.07317	59.95708	75.96451	66.38157	66.11274	73.19308	59.81552	67.85292	
59.69853	94.87774	94.87774	79.18128	88.48217	75.58355	75.96451	72.85282	69.69705	66.38933	69.69705	61.94586	67.85292	60.01162	60.13137	91.44221	91.7017	66.38157	63.01331	88.48217	60.13137	66.11274	64.43981	66.11274	75.58355	73.19308	65.09568	63.01331	64.43981	59.81552	59.69853	77.77742	67.85292	75.96451	62.07317	66.38157	73.19308	59.95708	59.81552	67.85292	
94.87774	59.69853	94.87774	59.69853	79.18128	88.48217	75.58355	69.69705	75.96451	72.85282	60.13137	67.85292	66.38933	60.01162	66.11274	65.09568	91.7017	69.69705	63.01331	91.44221	88.48217	66.38157	64.43981	61.94586	64.43981	73.19308	59.81552	59.69853	62.07317	66.38157	77.73236	59.95708	67.85292	75.96451	65.09568	66.11274	59.81552	63.01331	77.77742	73.19308	
94.87774	59.69853	59.69853	73.42868	79.18128	88.48217	73.19308	60.13137	72.85282	77.77742	65.7787	69.69705	66.38933	65.09568	67.85292	60.01162	63.01331	66.38157	91.7017	94.87774	69.69705	62.07317	90.24546	61.94586	64.43981	64.43981	67.85292	59.81552	63.01331	67.85292	65.09568	88.48217	59.81552	73.19308	59.95708	91.44221	69.69705	66.38157	61.94586	59.95708	
94.87774	59.69853	59.69853	73.42868	88.48217	79.18128	73.19308	60.13137	72.85282	66.38933	77.77742	65.7787	65.09568	67.85292	69.69705	60.01162	63.88965	69.69705	91.7017	94.87774	69.69705	66.38157	61.94586	67.85292	59.81552	59.69853	62.07317	63.01331	64.43981	67.85292	65.7787	66.38157	65.09568	88.48217	90.24546	59.95708	64.43981	79.18128	59.81552	77.77742	
94.87774	59.69853	59.69853	73.42868	79.18128	88.48217	73.19308	69.69705	60.13137	91.7017	72.85282	77.77742	65.09568	65.7787	67.85292	66.38157	60.01162	69.69705	63.01331	94.87774	61.94586	66.38933	66.38933	64.43981	63.88965	59.81552	67.85292	88.48217	90.24546	62.07317	65.09568	64.43981	72.85282	59.81552	73.19308	59.95708	90.24546	67.85292	79.18128	77.77742	
59.69853	94.87774	94.87774	73.42868	79.18128	88.48217	73.19308	60.13137	69.69705	67.85292	91.7017	69.69705	72.85282	66.38933	77.77742	65.7787	60.01162	65.09568	61.94586	66.38157	64.43981	63.88965	59.81552	59.69853	62.07317	59.95708	66.38157	65.7787	65.09568	90.24546	88.48217	64.43981	59.81552	67.85292	90.24546	77.77742	79.18128	72.85282	73.19308	63.01331	
59.69853	94.87774	94.87774	73.42868	79.18128	88.48217	73.19308	60.13137	68.84914	66.38933	91.7017	69.69705	72.85282	77.77742	69.69705	61.94586	65.09568	60.01162	94.87774	65.7787	66.38157	63.88965	63.93	59.69853	59.81552	62.07317	63.01331	67.85292	65.7787	90.24546	65.09568	88.48217	72.85282	59.81552	67.85292	64.43981	73.19308	59.95708	90.24546	79.18128	
94.87774	59.48359	73.42868	88.48217	79.18128	73.19308	60.13137	77.77742	68.84914	66.38933	72.85282	65.7787	60.01162	69.69705	63.01331	91.7017	65.09568	94.87774	69.69705	61.94586	66.38157	63.93	59.81552	59.95708	59.81552	66.3056	65.09568	90.24546	62.07317	64.43981	88.48217	67.85292	79.0267	63.88965	91.7017	90.24546	72.85282	69.69705	73.19308	63.88965	
59.48359	94.87774	94.87774	73.42868	79.18128	88.48217	73.19308	69.69705	60.13137	66.38933	65.7787	68.84914	77.77742	72.85282	61.94586	67.85292	60.01162	91.7017	65.09568	94.87774	62.07317	66.38157	63.93	59.77883	69.69705	59.95708	66.3056	88.48217	65.09568	64.43981	90.24546	72.89419	59.81552	63.88965	90.24546	77.94051	91.7017	79.0267	63.01331	63.88965	
71.69795	94.87774	94.87774	73.42868	79.18128	88.48217	73.19308	77.32403	68.84914	60.13137	72.85282	66.38933	69.69705	61.94586	65.7787	65.09568	60.01162	66.38157	94.87774	91.7017	69.69705	62.07317	63.93	63.88965	59.77883	63.01331	67.85292	79.0267	66.3056	65.09568	90.24546	88.48217	72.89419	67.85292	64.43981	59.81552	59.95708	90.24546	91.7017	65.7787	
59.77883	94.87774	94.87774	73.42868	79.18128	88.48217	73.19308	60.13137	64.46682	68.84914	66.38933	72.85282	65.7787	77.32403	61.94586	60.01162	69.69705	63.01331	91.7017	94.87774	69.69705	66.38157	69.69705	64.43981	59.95708	77.71718	66.3056	59.81552	62.07317	90.24546	88.48217	72.89419	63.93	63.88965	79.0267	65.7787	67.85292	90.24546	91.7017	62.07317	
59.77883	94.87774	94.87774	73.42868	79.18128	88.48217	73.19308	68.84914	66.38933	64.46682	65.7787	77.30249	69.69705	67.85292	60.01162	60.13137	63.01331	94.87774	91.7017	69.69705	72.85282	66.38157	61.94586	63.88965	64.43981	69.69705	62.07317	59.95708	59.81552	60.13137	88.48217	90.24546	72.89419	63.93	64.46682	91.7017	90.24546	72.85282	78.54596	61.94586	
94.87774	59.77883	59.77883	73.42868	79.18128	88.48217	73.19308	65.7787	77.30249	66.38157	69.69705	68.84914	66.38933	64.46682	60.01162	67.85292	72.85282	60.13137	91.7017	94.87774	69.69705	63.88965	61.94586	63.93	63.01331	78.54596	59.95708	62.07317	60.13137	88.48217	90.24546	59.81552	72.85282	64.43981	90.24546	64.46682	91.7017	69.69705	61.94586	62.07317	
94.87774	59.77883	88.48217	73.42868	79.18128	73.19308	65.7787	68.84914	66.38933	75.71443	60.13137	72.85282	61.47026	60.01162	63.01331	69.69705	91.7017	94.87774	69.69705	66.38157	64.46682	78.54596	63.03792	64.46682	63.93	67.85292	59.95708	66.38157	59.81552	62.07317	88.48217	90.24546	62.07317	67.85292	64.43981	91.21234	72.85282	69.69705	60.13137	90.24546	
59.77883	94.87774	94.87774	79.18128	88.48217	73.19308	73.42868	68.84914	66.38933	60.13137	72.85282	65.7787	69.69705	78.54596	60.01162	91.7017	94.87774	69.69705	66.38157	64.46682	75.71443	75.71443	73.42868	69.69705	61.47026	62.84149	67.85292	61.47026	65.7787	66.38157	63.01331	90.24546	88.48217	62.07317	59.95708	67.85292	63.03792	59.81552	64.43981	64.46682	
59.77883	94.87774	94.87774	59.77883	79.18128	73.42868	88.48217	73.19308	60.13137	68.84914	72.85282	65.7787	60.01162	62.7903	69.69705	62.07317	64.43981	90.24546	91.7017	94.87774	69.69705	66.38933	66.38157	64.46682	76.82374	66.38933	67.85292	75.71443	61.47026	63.03792	59.95708	61.47026	65.7787	59.81552	72.85282	88.48217	73.19308	78.54596	63.03792	91.7017	
59.77883	94.87774	94.87774	59.77883	73.42868	79.18128	88.48217	73.19308	68.84914	69.69705	72.85282	66.38933	62.7903	69.69705	66.38157	60.13137	60.01162	64.43981	75.71443	90.24546	91.7017	94.87774	64.46682	65.7787	76.82374	60.13137	78.54596	67.85292	61.47026	62.07317	59.95708	65.7787	72.85282	88.48217	73.19308	59.81552	62.07317	63.03792	64.46682	91.7017	
59.77883	94.87774	94.87774	59.77883	79.18128	73.42868	88.48217	73.19308	60.00904	68.84914	59.95708	66.38933	69.69705	72.85282	69.69705	66.38157	64.43981	91.7017	94.87774	65.7787	64.46682	64.46682	65.7787	75.71443	61.47026	62.7903	63.03792	67.85292	78.54596	90.24546	88.48217	72.85282	73.19308	76.82374	67.85292	61.47026	59.81552	63.03792	62.7903	62.07317	
59.38099	94.87774	94.87774	79.18128	88.48217	73.42868	69.69705	73.19308	59.7442	60.00904	59.95708	91.7017	66.38157	72.85282	68.84914	65.65708	62.07317	90.24546	76.82374	66.38933	65.7787	78.54596	64.46682	66.38933	67.85292	75.71443	69.69705	64.43981	62.7903	88.48217	65.7787	72.85282	62.7903	73.19308	61.47026	63.03792	64.43981	63.03792	67.85292	75.71443	
94.87774	73.90678	59.38099	62.99625	79.18128	88.48217	73.19308	69.69705	73.42868	62.7903	60.00904	59.95518	91.7017	72.85282	59.7442	68.84914	66.38933	66.38157	59.38099	61.47026	90.24546	94.87774	76.82374	66.38157	78.54596	73.42868	75.71443	88.48217	59.7442	73.19308	67.85292	62.7903	62.07317	69.69705	72.85282	67.85292	75.71443	68.84914	66.38933	67.85292	
59.38099	94.87774	59.38099	94.87774	79.18128	88.48217	62.99625	64.64333	69.69705	62.7903	73.42868	73.19308	60.00904	59.95518	91.7017	72.85282	59.7442	66.38933	61.47026	68.84914	90.24546	76.82374	66.38933	75.71443	73.42868	62.07317	62.99625	88.48217	78.54596	72.85282	67.85292	62.7903	62.07317	59.7442	69.69705	73.19308	68.84914	75.71443	67.85292	67.85292	
58.88862	94.87774	94.87774	79.18128	88.48217	62.7903	73.42868	73.19308	62.99625	59.95518	59.38099	91.7017	60.00904	69.69705	68.84914	69.69705	59.7442	66.38933	64.64333	64.64333	94.87774	72.85282	76.82374	67.85292	61.47026	73.42868	75.71443	62.7903	90.24546	88.48217	78.54596	72.85282	62.99625	62.99625	66.38933	90.24546	62.07317	61.47026	62.07317	59.7442	
58.88862	94.87774	94.87774	88.48217	79.18128	73.19308	62.99625	62.7903	73.42868	69.69705	60.00904	59.95518	91.7017	59.38099	72.85282	68.84914	59.7442	64.64333	66.38933	94.87774	78.54596	67.85292	61.47026	73.42868	75.71443	76.82374	90.24546	88.48217	66.38933	64.64333	62.99625	64.64333	59.7442	90.24546	62.7903	62.07317	62.07317	69.69705	72.85282	67.85292	
58.88862	94.87774	94.87774	79.18128	88.48217	73.19308	62.99625	73.42868	62.7903	59.65846	59.38099	91.7017	68.84914	66.38933	75.71443	69.69705	64.5315	94.87774	60.00904	59.95518	72.85282	69.69705	76.82374	78.54596	66.38933	61.47026	60.00904	73.42868	69.69705	62.07317	64.64333	67.85292	88.48217	90.24546	64.64333	72.85282	62.7903	90.24546	67.85292	62.07317	
58.88862	94.87774	94.87774	79.18128	88.48217	73.19308	62.7903	73.42868	62.99625	59.65846	59.38099	91.7017	60.00904	72.31472	69.69705	68.84914	64.64333	61.47026	66.38933	75.71443	59.95518	66.38933	69.69705	73.42868	62.07317	76.82374	64.5315	72.85282	90.24546	88.48217	78.54596	62.7903	62.99625	62.99625	90.24546	67.85292	64.5315	68.84914	67.85292	76.82374	
58.88862	94.87774	94.87774	79.18128	88.48217	73.42868	62.08375	73.19308	62.99625	59.38099	69.69705	59.65846	91.7017	62.07317	68.84914	64.64333	61.47026	94.87774	60.00904	59.95518	72.31472	64.5315	78.54596	66.38933	72.85282	60.00904	75.71443	66.38933	67.85292	69.69705	88.48217	90.24546	66.38933	76.82374	67.85292	72.31472	90.24546	62.99625	75.71443	76.82374	
58.88862	94.87774	94.87774	79.18128	88.48217	73.42868	62.08375	73.19308	62.99625	59.65846	59.38099	69.69705	91.7017	60.00904	62.07317	59.95518	64.64333	66.38933	61.47026	72.31472	68.84914	64.5315	72.85282	75.71443	62.99625	78.54596	69.69705	88.48217	90.24546	76.82374	73.19308	90.24546	67.85292	66.38933	76.82374	68.84914	75.71443	60.00904	67.85292	67.85292	
58.88862	94.87774	79.18128	88.48217	62.08375	73.42868	73.19308	59.38099	62.99625	59.65846	60.00904	62.07317	68.84914	69.69705	66.38933	61.47026	72.31472	64.5315	91.7017	94.87774	59.95518	75.83258	78.54596	69.69705	66.38933	72.85282	75.71443	73.42868	64.64333	64.64333	88.48217	90.24546	67.85292	73.19308	62.99625	90.24546	91.7017	62.99625	68.84914	59.95518	
58.88862	94.87774	79.18128	88.48217	73.42868	62.08375	73.19308	59.38099	59.65846	62.99625	60.00904	72.31472	68.84914	69.69705	61.47026	67.85292	78.54596	66.38933	91.7017	94.87774	59.95518	75.83258	62.07317	64.5315	69.69705	75.71443	72.85282	64.64333	90.24546	88.48217	64.64333	66.38933	62.99625	73.19308	90.24546	91.7017	62.07317	62.99625	59.95518	69.69705	
65.97843	94.87774	94.87774	79.18128	88.48217	62.08375	73.42868	73.19308	62.99625	59.65846	59.38099	68.84914	69.69705	64.64333	61.47026	72.31472	78.54596	66.38933	91.7017	94.87774	60.00904	59.95518	75.83258	62.07317	66.38933	69.69705	60.00904	75.71443	73.42868	62.99625	67.85292	64.5315	72.85282	88.48217	90.24546	67.85292	91.7017	90.24546	64.5315	62.07317	
59.38099	94.87774	94.87774	88.48217	79.18128	73.42868	73.19308	59.65846	62.42078	60.00904	72.31472	68.84914	69.69705	64.64333	62.99625	78.54596	66.38933	91.7017	94.87774	59.95518	62.08375	62.07317	75.83258	62.99625	69.69705	75.71443	61.47026	64.5315	88.48217	90.24546	66.38933	62.08375	67.85292	72.85282	73.19308	90.24546	91.7017	64.5315	61.47026	69.69705	
59.38099	94.87774	79.18128	88.48217	73.42868	73.19308	59.65846	69.69705	60.00904	59.38099	68.84914	59.95518	64.64333	62.99625	62.42078	67.85292	62.07317	62.08375	91.7017	94.87774	72.31472	76.7048	62.99625	64.5315	66.38933	75.71443	66.38933	62.42078	78.54596	90.24546	88.48217	72.85282	61.47026	90.24546	66.38933	61.47026	91.7017	62.08375	73.19308	69.69705	
94.87774	94.87774	59.38099	59.38099	79.18128	88.48217	73.42868	73.19308	60.00904	68.84914	59.65846	59.38099	91.69586	69.69705	69.69705	62.42078	62.07317	75.71443	62.99625	59.95518	76.7048	62.08375	72.31472	66.38933	67.85292	61.47026	64.64333	64.64333	66.38933	78.54596	62.42078	62.99625	64.5315	90.24546	88.48217	72.85282	72.31472	61.47026	62.99625	73.19308	
94.87774	59.38099	94.87774	59.38099	79.18128	88.48217	73.42868	59.65846	73.19308	68.84914	59.38099	91.69586	59.84654	64.64333	69.69705	62.42078	67.85292	69.69705	75.71443	62.99625	64.5315	62.08375	60.00904	62.07317	78.54596	72.31472	66.38933	61.47026	66.38933	62.42078	76.7048	90.24546	88.48217	66.38933	72.85282	72.31472	62.99625	90.24546	62.08375	62.07317	
59.38099	94.87774	59.38099	94.87774	79.18128	88.48217	73.42868	73.19308	69.69705	59.65846	62.99625	59.38099	68.84914	60.00904	64.64333	61.47026	72.31472	62.07317	62.42078	62.08375	91.69586	94.87774	78.54596	59.65846	59.84654	66.38933	72.85282	75.71443	66.38933	76.7048	67.85292	69.69705	90.24546	88.48217	66.38933	62.42078	59.84654	67.85292	64.5315	73.19308	
59.38099	59.38099	94.87774	94.87774	79.18128	88.48217	73.42868	60.37623	73.19308	69.69705	68.84914	59.65846	59.38099	91.69586	60.00904	64.64333	62.99625	72.17154	62.42078	76.7048	75.23464	90.24546	94.87774	62.99625	62.08375	59.65846	59.84654	66.38933	78.54596	67.85292	62.42078	72.31472	64.5315	72.85282	88.48217	66.38933	62.08375	67.85292	73.19308	59.84654	
59.12472	94.87774	94.87774	79.27197	88.48217	69.69705	73.42868	73.19308	68.84914	91.69586	59.65846	59.38099	60.00904	64.64333	62.0188	62.99625	66.38933	62.42078	76.7048	72.17154	64.5315	90.24546	62.99625	78.54596	60.37623	59.65846	59.84654	66.38933	60.37623	62.42078	73.42868	72.31472	75.23464	88.48217	60.37623	72.85282	59.38099	75.23464	67.85292	59.84654	
59.12472	94.87774	94.87774	79.27197	88.48217	73.19308	73.42868	59.38099	59.65846	68.84914	69.69705	64.64333	60.37623	62.0188	72.17154	62.42078	67.85292	62.99625	91.69586	94.87774	62.99625	78.54596	69.69705	59.65846	59.84654	60.37623	60.00904	76.7048	62.0188	66.38933	73.42868	75.23464	64.5315	60.00904	90.24546	88.48217	66.38933	59.84654	62.42078	59.38099	
59.12472	94.87774	94.87774	73.19308	79.27197	88.48217	59.28327	73.42868	72.17154	69.69705	62.99625	59.65846	68.84914	64.64333	62.0188	67.85292	76.7048	66.38933	75.23464	64.5315	90.24546	91.69586	62.42078	66.38933	59.84654	60.00904	59.65846	60.37623	62.42078	60.37623	62.99625	78.54596	73.42868	88.48217	60.37623	59.84654	62.0188	91.69586	60.00904	68.84914	
71.46649	94.87774	79.27197	73.19308	88.48217	59.28327	73.42868	72.04795	62.99625	59.65846	69.69705	64.64333	62.0188	76.7048	66.38933	75.23464	68.84914	64.5315	62.42078	91.69586	69.69705	94.87774	78.54596	60.00904	59.84654	59.65846	67.85292	60.37623	60.37623	62.42078	62.99625	73.42868	90.24546	88.48217	66.38933	60.37623	59.84654	62.0188	90.78369	60.00904	
59.28327	94.87774	94.87774	73.19308	80.21718	88.48217	73.42868	72.04795	68.84914	59.65846	62.42078	62.99625	64.64333	66.38933	76.7048	69.69705	75.23464	64.5315	91.69586	59.65846	78.54596	60.37623	59.84654	67.85292	69.69705	90.24546	60.00904	60.37623	62.0188	62.0188	62.42078	73.42868	88.48217	69.69705	60.00904	62.0188	60.37623	62.99625	59.84654	66.38933	
59.28327	94.87774	94.87774	73.19308	59.51719	73.42868	80.21718	88.48217	59.28327	91.69586	69.69705	72.04795	60.37623	64.64333	66.38933	62.42078	78.54596	67.85292	68.84914	62.99625	64.5315	90.24546	60.00904	66.38933	69.69705	62.42078	60.37623	62.0188	72.04795	76.7048	75.23464	88.48217	80.21718	62.0188	62.0188	62.99625	75.23464	76.7048	62.99625	68.84914	
94.87774	59.28327	59.28327	73.19308	59.51719	73.42868	88.48217	80.21718	59.28327	62.99625	91.69586	69.69705	64.64333	60.37623	78.54596	66.38933	68.84914	60.00904	62.42078	64.5315	69.69705	72.04795	94.87774	72.04795	66.38933	67.85292	62.42078	62.0188	60.37623	62.0188	62.99625	76.7048	75.23464	90.24546	88.48217	80.21718	62.0188	76.7048	75.23464	90.24546	
59.28327	94.87774	94.87774	59.28327	73.19308	59.51719	80.21718	88.48217	73.42868	70.45964	68.84914	62.99625	62.42078	64.64333	61.82544	69.69705	60.00904	64.5315	94.87774	91.69586	60.37623	66.38933	67.85292	66.38933	76.7048	69.69705	73.42868	62.0188	78.54596	78.54596	75.23464	88.48217	90.24546	66.38933	80.21718	62.42078	75.23464	76.7048	91.69586	90.24546	
94.42879	59.28327	59.28327	59.51719	88.48217	80.21718	62.99625	73.42868	73.19308	60.37623	68.84914	70.45964	64.64333	62.42078	61.82544	67.85292	69.69705	60.00904	64.5315	62.0188	73.19308	91.69586	66.38933	62.42078	66.38933	78.50906	69.69705	73.42868	70.45964	75.23464	76.7048	90.24546	88.48217	78.54596	80.21718	73.19308	76.7048	75.23464	91.69586	66.38933	
94.42879	59.28327	59.51719	88.48217	80.21718	59.28327	73.42868	73.19308	60.37623	68.84914	69.69705	66.38933	62.42078	61.82544	60.00904	62.99625	94.42879	73.19308	70.45964	91.69586	62.42078	64.64333	62.0188	78.50906	67.85292	76.7048	62.99625	75.23464	64.5315	69.69705	70.45964	73.42868	90.24546	88.48217	64.64333	78.54596	80.21718	67.85292	62.99625	73.19308	
94.42879	59.28327	94.42879	59.28327	73.19308	80.21718	88.48217	73.42868	59.28327	59.51719	68.84914	70.45964	62.42078	62.99625	61.82544	91.69586	76.7048	69.69705	64.5315	93.84337	60.20271	60.00904	66.38933	64.64333	60.37623	62.0188	62.42078	66.38933	64.64333	78.50906	69.69705	70.45964	75.23464	88.48217	90.24546	78.54596	66.38933	80.21718	62.99625	75.23464	
59.28327	94.42879	94.42879	73.19308	59.51719	73.42868	88.48217	80.21718	59.28327	68.84914	69.69705	62.78197	64.64333	60.37623	75.40001	64.5315	90.24546	78.50906	62.99625	66.38933	62.99625	70.45964	60.20271	66.38933	91.69586	93.84337	62.42078	66.38933	60.00904	69.69705	62.0188	75.23464	88.48217	73.19308	78.54596	80.21718	70.45964	91.69586	61.82544	61.82544	
59.28327	94.42879	94.42879	73.19308	59.51719	80.21718	88.48217	73.42868	59.28327	68.84914	62.99625	69.69705	70.45964	66.38933	64.64333	66.38933	60.37623	75.40001	90.24546	62.78197	78.50906	64.5315	62.42078	60.20271	70.45964	91.69586	93.84337	61.82544	62.0188	75.23464	60.00904	88.48217	78.54596	73.19308	80.21718	62.99625	91.69586	61.82544	69.69705	61.9552	
94.42879	94.42879	71.40152	59.28327	73.19308	73.42868	80.21718	88.48217	59.51719	59.28327	69.69705	68.84914	62.78197	70.45964	66.38933	68.41263	75.40001	64.5315	78.50906	62.99625	62.99625	60.37623	60.20271	60.00904	91.69586	93.84337	64.64333	64.64333	62.42078	66.38933	75.23464	78.54596	73.19308	90.24546	88.48217	62.0188	80.21718	70.45964	68.84914	91.69586	
94.42879	59.28327	73.19308	59.51719	73.42868	80.21718	88.48217	59.28327	69.69705	62.0188	60.37623	66.38933	68.84914	68.41263	64.5315	78.50906	75.40001	62.78197	62.99625	62.99625	92.53633	70.45964	60.20271	70.45964	64.64333	64.64333	75.23464	62.42078	94.42879	60.00904	66.38933	90.24546	78.54596	73.19308	88.48217	80.21718	91.69586	90.24546	70.45964	68.84914	
59.28327	94.42879	94.42879	73.42868	88.48217	80.21718	59.51719	59.28327	73.19308	62.0188	62.99625	60.37623	73.19308	69.69705	66.38933	64.64333	68.41263	75.40001	68.84914	64.5315	78.50906	62.78197	70.45964	60.20271	60.00904	75.23464	62.10628	92.53633	70.45964	69.69705	66.38933	62.42078	88.48217	90.24546	80.21718	78.54596	62.99625	70.45964	91.69586	90.24546	
92.27327	59.28327	59.28327	73.19308	59.51719	88.48217	80.21718	73.42868	68.84914	62.99625	64.64333	69.69705	66.38933	70.45964	62.78197	61.33763	78.50906	75.40001	64.5315	68.41263	91.69586	75.23464	73.42868	88.48217	90.24546	66.38933	60.20271	80.21718	78.54596	73.19308	60.00904	60.37623	90.24546	62.0188	70.45964	68.41263	62.0188	62.99625	62.42078	62.10628	
92.27327	59.28327	80.21718	88.48217	73.42868	59.28327	59.51719	73.19308	69.69705	62.99625	70.45964	64.64333	66.38933	62.78197	61.33763	75.40001	78.50906	64.5315	68.84914	73.19308	62.09041	60.00904	60.20271	91.69586	75.23464	68.41263	62.0188	68.84914	66.38933	90.24546	70.45964	88.48217	62.0188	78.54596	80.21718	73.19308	60.37623	62.99625	90.24546	68.41263	
92.27327	59.25293	73.42868	80.21718	88.48217	73.19308	69.69705	62.99625	62.78197	68.84914	61.33763	64.5315	75.40001	78.50906	62.09041	62.0188	73.19308	70.45964	66.38933	64.64333	60.20271	64.64333	66.38933	91.69586	68.41263	70.45964	73.19308	62.99625	75.23464	78.54596	88.48217	90.24546	68.84914	62.0188	66.38933	60.37623	80.21718	90.24546	70.45964	68.41263	
92.27327	59.25293	73.42868	80.21718	88.48217	73.19308	69.69705	68.84914	73.19308	62.78197	62.99625	78.50906	75.40001	64.5315	62.09041	70.45964	66.38933	64.64333	60.20271	62.0188	62.0188	66.38933	70.45964	69.69705	91.69586	75.23464	68.41263	70.45964	90.24546	61.33763	78.54596	88.48217	68.84914	61.33763	66.38933	64.64333	60.37623	80.21718	62.99625	62.99625	
59.25293	92.27327	92.27327	73.19308	73.42868	88.48217	80.21718	69.69705	62.78197	68.84914	62.99625	68.41263	64.5315	60.20271	78.50906	62.09041	75.40001	70.45964	60.37623	70.45964	64.64333	66.38933	62.0188	69.69705	68.84914	64.64333	75.23464	66.38933	73.19308	90.24546	88.48217	61.33763	62.0188	66.38933	78.54596	80.21718	62.99625	62.99625	90.24546	91.69586	
59.25293	92.27327	73.42868	80.21718	88.48217	73.19308	62.99625	68.84914	69.69705	62.78197	73.19308	66.38933	70.45964	68.41263	75.40001	78.50906	62.09041	62.0188	60.37623	70.45964	64.64333	59.25293	61.33763	64.64333	91.69586	66.38933	62.99625	75.23464	62.0188	61.33763	64.5315	88.48217	90.24546	68.84914	60.20271	78.54596	80.21718	64.5315	90.24546	69.69705	
92.27327	59.25293	92.27327	59.25293	73.42868	80.21718	88.48217	73.19308	62.99625	69.69705	68.84914	66.38933	70.45964	62.78197	60.20271	68.41263	78.50906	75.40001	62.09041	73.19308	61.33763	64.64333	62.0188	69.69705	73.19308	91.69586	75.23464	70.45964	66.38933	90.24546	60.37623	88.48217	62.0188	64.64333	80.21718	78.54596	62.99625	64.5315	59.25293	64.5315	
