
Run no: 1
31.39	
31.35	
29.94	
24.46	
24.46	
24.46	
24.46	
24.46	
24.46	
24.46	
24.46	
23.76	
23.76	
23.76	
23.76	
23.76	
23.76	
23.76	
23.76	
23.76	
23.71	
23.71	
23.71	
23.71	
23.71	
23.71	
23.71	
23.63	
23.63	
23.63	
23.63	

Run no: 2
27.73	
27.13	
24.72	
24.72	
24.72	
24.72	
24.72	
24.72	
24.72	
24.72	
24.72	
24.72	
24.72	
24.68	
24.61	
24.61	
24.55	
24.55	
24.55	
24.55	
24.55	
24.55	
24.55	
24.13	
24.13	
24.13	
24.13	
24.13	
24.13	
24.13	
24.13	

Run no: 3
31.3	
31.3	
27.22	
24.48	
24.48	
24.48	
24.48	
24.48	
24.48	
24.48	
24.48	
24.48	
24.38	
24.38	
24.38	
24.38	
24.29	
24.29	
24.29	
24.29	
24.29	
24.29	
23.4	
23.4	
23.4	
23.4	
23.4	
23.4	
23.4	
23.4	
23.4	

Run no: 4
31.31	
27.85	
27.85	
25.39	
25.39	
25.39	
25.39	
25.39	
25.25	
24.71	
24.71	
24.71	
24.49	
24.49	
24.08	
24.08	
24.08	
24.08	
24.08	
24.08	
24.08	
24.0	
24.0	
24.0	
24.0	
23.57	
23.57	
23.57	
23.57	
23.57	
23.42	

Run no: 5
31.95	
31.04	
29.05	
25.8	
23.81	
23.81	
23.81	
23.81	
23.81	
23.81	
23.81	
23.76	
23.76	
23.76	
23.7	
23.7	
23.7	
23.7	
23.34	
23.34	
23.34	
23.34	
23.34	
23.34	
23.34	
23.34	
23.34	
23.34	
23.34	
23.34	
23.34	

Run no: 6
28.32	
24.77	
24.73	
24.73	
24.44	
24.44	
24.44	
24.04	
24.04	
24.04	
24.04	
24.04	
24.04	
24.04	
24.04	
24.04	
24.04	
23.99	
23.99	
23.92	
23.92	
23.85	
23.85	
23.85	
23.85	
23.85	
23.85	
23.61	
23.61	
23.61	
23.61	

Run no: 7
29.64	
29.64	
23.58	
23.58	
23.58	
23.58	
23.58	
23.28	
23.28	
23.28	
23.28	
23.26	
23.26	
23.26	
23.26	
23.26	
23.26	
22.95	
22.95	
22.95	
22.95	
22.95	
22.95	
22.95	
22.95	
22.77	
22.77	
22.77	
22.77	
22.77	
22.77	

Run no: 8
30.55	
30.55	
30.55	
27.03	
27.03	
26.7	
26.69	
26.19	
26.19	
23.51	
23.51	
23.51	
23.51	
23.51	
23.51	
23.51	
23.51	
23.51	
23.51	
23.51	
23.51	
23.51	
23.51	
23.51	
23.42	
23.42	
23.42	
22.6	
22.6	
22.6	
22.6	

Run no: 9
29.29	
29.29	
29.29	
29.29	
25.62	
25.62	
24.55	
24.54	
24.54	
24.46	
24.46	
24.46	
24.46	
24.46	
24.46	
24.46	
24.46	
24.46	
24.46	
24.37	
24.37	
24.37	
24.37	
24.37	
24.37	
24.37	
24.37	
24.37	
24.12	
24.12	
24.1	

Run no: 10
28.6	
25.09	
25.09	
25.09	
24.09	
24.09	
23.73	
23.73	
23.48	
23.44	
23.44	
23.44	
23.44	
23.42	
23.42	
23.42	
23.42	
23.42	
23.42	
23.04	
23.04	
23.04	
23.04	
23.04	
23.04	
23.03	
23.03	
23.03	
23.03	
23.03	
23.03	

Run no: 11
29.47	
25.65	
25.65	
25.65	
25.65	
25.65	
25.48	
25.48	
25.48	
25.06	
25.06	
25.06	
25.06	
24.35	
24.35	
24.35	
24.35	
24.35	
24.35	
24.35	
24.35	
24.35	
24.35	
24.2	
24.2	
23.9	
23.9	
23.86	
23.86	
23.86	
23.86	

Run no: 12
31.32	
25.42	
24.03	
24.03	
24.03	
24.03	
24.03	
24.03	
24.03	
24.03	
24.03	
24.03	
24.03	
24.03	
24.03	
23.97	
23.97	
23.97	
23.97	
23.9	
23.9	
23.9	
23.8	
23.47	
23.47	
23.27	
23.27	
23.27	
23.27	
23.27	
23.27	

Run no: 13
30.09	
29.38	
26.07	
26.07	
26.07	
26.07	
26.07	
26.07	
26.07	
26.07	
24.44	
24.44	
24.44	
24.44	
24.44	
24.44	
24.44	
24.44	
24.44	
24.44	
24.44	
24.44	
24.44	
24.04	
23.92	
23.92	
23.92	
23.92	
23.92	
23.92	
23.92	

Run no: 14
33.54	
31.78	
24.83	
24.83	
24.83	
24.83	
24.83	
24.83	
24.83	
24.83	
24.39	
24.39	
24.39	
24.39	
24.39	
24.39	
24.39	
24.39	
24.39	
24.39	
24.39	
24.01	
24.01	
24.01	
23.53	
23.53	
23.53	
23.53	
23.53	
23.53	
23.03	

Run no: 15
27.05	
26.44	
25.35	
24.68	
24.68	
24.68	
24.68	
24.44	
24.44	
24.44	
24.44	
24.41	
24.41	
24.41	
24.22	
24.22	
24.22	
24.22	
23.91	
23.91	
23.91	
23.51	
23.51	
23.51	
23.51	
23.51	
23.51	
23.51	
23.51	
23.47	
22.85	

Run no: 16
28.62	
28.56	
28.56	
28.56	
28.56	
24.72	
24.72	
24.72	
24.72	
24.72	
24.72	
24.72	
24.72	
24.72	
24.72	
24.72	
24.72	
24.61	
24.61	
24.61	
24.61	
24.61	
24.61	
24.2	
24.2	
24.2	
24.15	
24.15	
23.76	
23.76	
23.76	

Run no: 17
28.36	
28.36	
28.36	
28.36	
23.52	
23.52	
23.52	
23.52	
23.52	
23.52	
23.32	
23.32	
23.32	
23.32	
23.32	
23.32	
23.32	
23.32	
23.32	
23.32	
23.32	
22.84	
22.84	
22.84	
22.84	
22.84	
22.84	
22.84	
22.84	
22.84	
22.84	

Run no: 18
30.32	
30.32	
25.78	
25.78	
25.66	
25.66	
25.66	
25.66	
25.66	
25.66	
25.66	
25.66	
25.46	
25.46	
25.33	
24.71	
24.71	
24.71	
24.71	
24.71	
24.71	
24.71	
24.71	
24.71	
24.71	
24.71	
24.55	
24.32	
24.32	
23.66	
23.66	

Run no: 19
32.53	
26.84	
26.51	
26.51	
26.51	
25.39	
25.39	
25.01	
25.01	
25.01	
25.01	
25.01	
23.4	
23.4	
23.4	
23.4	
23.4	
23.4	
23.4	
22.7	
22.66	
22.61	
22.61	
22.61	
22.61	
22.61	
22.61	
22.61	
22.45	
22.45	
22.45	

Run no: 20
28.39	
28.39	
28.39	
27.92	
27.48	
23.54	
23.54	
23.54	
23.54	
23.54	
23.4	
23.4	
23.4	
23.4	
23.4	
23.4	
23.4	
23.4	
23.4	
23.35	
23.27	
23.1	
23.1	
23.07	
22.97	
22.88	
22.82	
22.82	
22.82	
22.82	
22.82	

Run no: 21
29.95	
28.87	
28.87	
28.87	
24.1	
23.89	
23.89	
23.89	
23.89	
23.89	
23.78	
23.76	
23.76	
23.76	
23.76	
23.76	
23.76	
23.76	
23.76	
23.51	
23.51	
23.51	
23.51	
23.51	
23.51	
23.51	
23.22	
23.22	
22.93	
22.93	
22.93	

Run no: 22
31.38	
31.38	
25.55	
25.39	
25.39	
25.39	
25.31	
25.31	
24.92	
24.89	
24.89	
24.89	
24.89	
24.89	
24.89	
24.89	
24.36	
24.36	
24.36	
24.34	
24.34	
24.34	
24.34	
24.28	
24.16	
24.16	
24.16	
23.78	
23.78	
23.78	
23.78	

Run no: 23
29.14	
26.1	
26.02	
24.19	
24.19	
24.19	
24.19	
24.19	
24.19	
24.19	
24.19	
24.19	
23.71	
23.71	
23.71	
23.71	
23.71	
23.71	
23.71	
23.71	
23.71	
23.7	
23.7	
23.7	
23.7	
23.7	
23.7	
23.7	
23.7	
23.7	
23.7	

Run no: 24
25.85	
25.85	
25.85	
25.85	
24.8	
24.8	
23.83	
23.83	
23.66	
23.66	
23.66	
23.66	
23.39	
23.39	
22.69	
22.69	
22.69	
22.69	
22.69	
22.69	
22.69	
22.69	
22.69	
22.45	
22.45	
22.45	
22.45	
22.45	
22.45	
22.45	
22.38	

Run no: 25
31.52	
31.52	
31.52	
31.52	
27.43	
27.43	
27.43	
27.43	
27.43	
26.42	
26.23	
25.61	
25.21	
25.21	
25.21	
25.21	
23.24	
23.24	
23.24	
23.24	
23.24	
23.24	
23.24	
23.24	
23.24	
22.93	
22.93	
22.93	
22.93	
22.93	
22.93	

Run no: 26
28.13	
26.9	
26.9	
26.6	
26.6	
26.41	
26.41	
26.41	
25.51	
25.51	
25.51	
25.51	
25.51	
25.51	
25.51	
24.67	
24.67	
24.67	
23.73	
23.73	
23.73	
23.73	
23.73	
23.73	
23.73	
23.63	
23.63	
23.63	
23.39	
23.39	
23.39	

Run no: 27
29.15	
29.15	
26.96	
26.86	
26.78	
26.78	
26.55	
25.92	
25.92	
25.92	
25.61	
25.61	
25.49	
24.67	
24.67	
24.61	
24.61	
24.61	
24.61	
24.61	
24.61	
24.61	
24.61	
24.61	
24.61	
24.61	
24.61	
24.61	
24.32	
24.32	
24.32	

Run no: 28
30.63	
30.63	
28.09	
28.09	
25.09	
25.09	
25.09	
25.09	
24.14	
24.14	
24.14	
24.14	
24.14	
24.14	
24.14	
24.14	
24.14	
24.14	
22.47	
22.47	
22.47	
22.47	
22.47	
22.47	
22.47	
22.47	
22.47	
22.47	
22.47	
22.47	
22.47	

Run no: 29
30.51	
25.22	
25.22	
25.13	
25.13	
25.13	
25.13	
24.91	
24.91	
24.88	
24.88	
24.88	
24.88	
24.45	
24.45	
24.01	
24.01	
24.01	
24.01	
24.01	
23.95	
23.95	
23.95	
23.92	
23.92	
23.92	
23.92	
23.75	
23.48	
23.48	
23.48	

Run no: 30
30.19	
29.57	
25.96	
25.96	
25.96	
25.96	
25.96	
25.96	
25.7	
24.91	
24.91	
24.91	
24.91	
24.91	
24.91	
24.91	
24.91	
24.91	
24.91	
24.91	
24.91	
24.91	
24.91	
24.91	
24.44	
24.44	
24.44	
24.44	
22.59	
22.59	
22.59	
