
Run no: 1
1.03	1.75	1.62	0.98	1.78	2.17	1.11	1.0	1.8	1.93	1.05	1.69	1.35	1.92	2.15	1.32	1.54	1.18	1.65	1.39	1.6	1.92	1.54	1.59	1.45	1.48	1.3	1.32	2.11	1.54	1.73	1.51	1.36	1.3	1.49	1.83	1.76	1.75	1.86	1.71	
2.59	0.09	0.03	0.03	0.07	0.05	2.22	0.05	0.08	0.08	1.79	0.52	0.56	0.69	0.08	0.07	0.02	2.57	2.38	0.6	0.05	0.05	0.73	0.71	0.67	0.71	0.55	2.41	0.07	0.03	0.08	2.07	0.56	0.05	2.49	2.54	0.05	0.07	2.54	2.19	

Run no: 2
1.2	1.09	2.08	1.23	1.72	1.24	1.35	1.34	1.81	1.86	1.82	1.51	1.38	1.32	1.84	1.75	1.67	1.7	1.77	1.87	2.01	1.68	1.32	1.86	1.93	2.3	1.3	1.92	2.49	0.99	1.8	1.08	1.91	1.9	1.55	1.69	1.56	1.34	1.15	1.44	
2.49	1.67	2.62	2.51	2.63	1.56	1.71	2.44	0.09	1.47	1.79	2.64	2.09	1.47	2.15	2.39	1.29	2.1	1.72	1.98	1.71	1.36	2.64	1.71	0.12	1.78	0.08	2.42	1.87	1.51	1.7	1.63	1.43	2.32	2.09	1.44	2.49	2.22	2.49	0.13	

Run no: 3
1.65	1.27	1.45	1.88	1.76	1.01	1.76	1.12	1.01	1.29	1.98	1.4	2.12	1.44	1.61	1.31	1.9	1.29	1.67	2.03	1.49	1.63	1.3	1.78	1.24	1.67	2.06	2.01	2.01	1.87	1.78	2.03	1.06	1.78	2.08	1.97	1.29	1.76	1.59	1.5	
1.93	2.44	0.19	1.59	0.1	0.18	2.64	1.67	0.26	1.87	0.14	0.15	1.59	1.6	0.2	2.3	0.18	0.19	0.22	0.29	0.2	0.29	0.19	0.2	0.19	0.17	0.21	2.45	1.86	0.12	0.11	0.26	2.71	2.71	0.16	0.15	1.5	0.15	2.18	2.44	

Run no: 4
1.64	1.34	1.77	1.81	1.51	1.77	1.93	2.04	2.11	2.3	1.69	2.07	2.52	1.4	2.52	1.59	1.66	2.17	1.93	2.29	1.59	1.39	2.03	2.4	1.72	2.68	1.42	2.28	1.5	1.93	1.67	2.26	1.39	1.62	2.04	2.65	1.9	1.57	2.41	2.05	
3.11	3.26	1.1	0.05	0.06	1.91	2.9	0.13	1.72	0.17	0.03	0.06	1.1	0.07	3.05	0.13	0.09	2.77	0.06	0.07	0.05	0.06	0.05	0.1	0.0	0.05	0.08	0.03	2.28	2.24	0.0	2.44	1.8	0.17	3.05	1.59	0.0	0.09	2.38	1.65	

Run no: 5
1.83	1.93	1.44	2.1	2.64	2.16	1.33	1.59	1.91	1.66	2.44	2.59	1.49	1.67	1.38	1.25	1.06	1.96	2.21	1.71	1.75	1.53	2.13	1.44	1.81	1.96	1.39	1.99	1.84	1.19	1.91	1.72	2.06	2.37	2.0	1.9	1.57	1.27	1.43	1.15	
3.11	0.14	0.01	0.27	0.26	0.25	0.13	2.8	2.49	2.8	0.28	0.18	0.28	0.16	2.97	1.63	0.19	0.3	0.21	2.71	0.16	0.16	2.21	2.36	2.29	2.09	0.14	3.02	2.91	0.15	0.18	0.16	2.72	0.28	2.91	2.91	1.83	1.29	0.12	0.17	

Run no: 6
1.95	2.3	1.81	2.07	2.02	1.65	1.33	0.86	1.65	1.2	1.69	2.26	1.93	1.36	1.71	2.4	1.27	1.77	1.47	2.2	2.17	2.05	1.09	1.88	1.6	1.3	2.46	2.0	1.89	1.93	2.05	1.19	1.23	2.09	1.81	1.39	1.26	1.98	1.66	2.26	
2.97	2.72	2.3	1.83	1.63	2.65	1.54	0.14	1.32	2.3	0.14	0.15	1.14	0.39	1.58	0.14	0.24	1.37	0.16	0.14	0.18	2.07	1.94	1.68	1.69	2.54	2.97	2.45	2.78	0.14	1.8	0.18	1.61	2.95	1.54	3.22	2.17	2.73	0.16	0.16	

Run no: 7
1.42	1.11	1.69	2.52	1.99	1.27	1.78	2.15	2.05	1.97	1.89	1.56	1.84	1.7	1.18	1.23	1.97	1.68	1.3	1.14	1.84	1.51	1.84	1.77	1.7	1.22	2.28	1.87	2.01	1.82	2.15	1.76	2.06	1.61	2.18	1.15	1.1	1.39	1.83	1.7	
2.91	2.26	2.32	1.94	0.67	1.92	0.42	0.75	0.11	0.24	0.66	0.09	0.26	1.88	0.65	1.91	0.54	0.71	2.72	1.9	0.09	0.25	0.09	0.22	0.2	0.77	0.11	0.25	0.61	0.59	0.49	2.49	2.62	1.92	0.7	0.7	3.16	0.11	2.85	0.67	

Run no: 8
1.51	1.28	1.87	1.07	2.14	1.18	1.42	1.75	1.62	1.54	1.11	1.69	1.26	1.27	1.56	1.13	1.6	1.86	2.24	1.62	1.55	1.31	1.99	2.0	1.95	1.95	1.13	1.34	1.59	1.2	1.51	1.82	1.51	1.77	1.79	1.48	1.67	1.09	1.8	2.32	
2.65	2.54	2.47	0.18	1.27	2.12	1.88	0.05	0.15	0.18	0.05	0.04	0.06	0.05	0.07	0.07	0.09	1.49	0.05	2.44	0.13	0.05	2.56	2.62	2.58	1.16	1.2	2.23	2.46	0.18	0.18	1.4	1.57	0.02	0.03	0.09	0.07	0.08	2.69	1.18	

Run no: 9
1.01	1.59	1.62	1.91	2.0	2.07	1.86	1.67	1.51	1.65	1.02	1.52	1.46	1.67	0.92	2.02	1.75	1.64	1.2	1.45	1.62	1.69	2.01	1.04	1.27	1.82	1.72	1.78	1.89	2.46	1.71	1.44	1.88	1.73	1.53	1.89	1.99	1.48	1.95	1.17	
1.42	1.44	2.24	2.54	1.48	2.1	2.12	1.99	1.1	0.18	0.21	1.19	0.18	1.28	0.24	0.22	1.37	0.02	0.18	1.41	0.16	0.02	0.19	0.21	0.22	0.18	1.62	1.45	1.44	2.0	2.59	1.36	1.4	0.04	0.17	0.19	0.21	0.12	0.21	0.21	

Run no: 10
1.97	1.65	2.26	1.45	1.74	2.07	1.32	2.19	1.59	1.29	1.94	1.73	1.98	1.88	1.83	1.2	1.26	1.46	1.73	1.23	1.72	1.86	1.69	1.93	1.31	1.5	1.7	1.99	1.26	1.9	1.71	1.94	1.27	1.99	1.42	1.9	0.96	1.8	1.5	1.83	
2.95	2.5	0.12	3.01	2.06	0.06	3.01	0.92	1.86	2.64	3.01	1.6	1.84	2.53	0.16	1.88	1.38	2.12	2.0	2.82	0.28	1.71	2.59	0.12	0.21	0.2	0.13	0.19	0.07	1.48	0.03	2.5	2.42	2.12	0.13	0.15	0.04	0.28	0.04	1.41	

Run no: 11
2.12	1.81	1.09	2.37	1.55	1.9	1.67	2.26	1.83	1.4	2.09	1.98	0.93	1.48	1.46	1.92	1.88	2.1	2.11	1.75	2.35	1.21	1.65	1.66	1.52	1.77	1.51	1.45	1.09	1.34	1.65	1.92	1.78	2.05	2.29	1.45	1.43	1.25	1.9	2.42	
2.81	0.16	1.3	1.73	1.27	0.3	1.91	0.14	0.29	1.23	2.53	0.12	0.09	0.18	0.14	1.25	0.3	0.27	1.54	1.06	0.1	0.25	1.32	0.29	1.98	0.28	2.63	2.65	2.62	0.1	0.27	2.08	2.94	2.69	2.85	0.16	2.63	0.1	2.94	1.79	

Run no: 12
1.08	1.71	1.77	1.64	1.83	1.57	1.61	1.45	1.88	1.57	1.6	1.32	1.29	2.03	1.43	1.48	1.48	1.81	1.45	1.9	1.78	1.29	0.98	1.96	1.94	0.91	1.64	1.66	1.4	1.65	1.09	1.62	1.28	1.27	1.85	1.48	1.99	1.94	1.71	1.36	
1.57	2.47	2.45	2.13	1.95	2.47	0.97	0.86	2.25	1.86	2.25	0.05	2.45	1.2	0.07	1.07	0.11	2.03	1.92	0.85	2.14	0.13	0.05	0.69	1.64	0.09	2.0	1.06	1.96	0.95	1.79	1.82	0.14	0.79	1.94	0.83	2.4	0.13	1.85	0.12	

Run no: 13
1.82	1.64	1.54	2.2	1.15	1.95	2.18	1.71	1.86	1.41	1.42	2.18	1.34	2.44	1.91	1.6	1.85	1.57	2.16	1.47	2.21	1.48	1.36	1.68	1.91	1.64	1.52	1.45	1.28	2.19	1.68	2.07	1.17	1.23	1.42	1.74	1.34	1.62	1.62	1.26	
1.7	1.7	1.83	1.32	1.43	2.19	0.08	1.83	2.1	1.33	0.17	1.73	1.54	1.95	2.63	0.16	0.14	0.1	0.11	2.3	0.12	0.11	2.08	0.1	0.11	0.15	1.29	0.16	0.16	0.05	1.81	1.43	0.05	2.8	0.16	0.16	0.14	0.05	1.44	0.1	

Run no: 14
1.57	1.91	2.33	2.01	1.58	1.89	1.71	1.36	1.45	1.84	1.65	1.48	1.6	1.94	1.91	2.04	0.95	1.28	2.17	2.41	1.93	2.02	1.96	2.53	1.69	1.53	1.68	2.1	2.21	1.12	1.88	1.56	1.94	1.4	1.53	1.78	1.96	2.04	1.53	2.35	
2.97	3.04	2.77	0.1	0.1	0.13	0.14	2.6	2.12	0.08	0.14	2.04	0.15	0.04	2.55	0.16	0.05	0.12	0.17	0.15	2.97	2.77	0.08	2.11	0.15	3.01	0.13	1.01	0.17	0.1	0.13	0.13	0.1	0.07	1.55	0.14	0.11	2.64	1.02	0.06	

Run no: 15
1.94	1.57	2.01	1.58	2.38	1.99	1.91	1.86	2.03	1.82	2.1	1.69	1.36	1.38	1.94	2.46	1.5	2.12	1.27	1.74	1.74	2.43	1.2	1.87	1.85	1.67	1.85	1.25	1.34	1.53	1.6	1.39	1.89	1.6	2.01	1.71	1.19	2.35	2.07	1.83	
2.45	3.03	1.25	3.09	1.58	2.46	2.42	1.28	1.56	1.56	0.17	2.96	0.13	1.14	1.38	0.19	1.09	0.24	3.02	1.08	0.23	0.15	0.21	0.16	0.04	0.24	1.13	1.15	1.15	0.17	0.19	3.03	3.03	1.36	1.17	2.66	0.96	0.64	0.17	0.08	

Run no: 16
2.37	1.74	1.69	1.68	2.01	1.7	1.06	1.96	1.57	1.72	1.82	1.59	1.71	2.23	1.57	1.12	1.43	1.62	1.3	2.16	1.57	1.62	1.58	1.91	2.03	2.01	1.61	1.6	1.47	1.84	1.87	1.86	1.14	1.63	1.96	2.08	1.94	1.9	1.79	1.29	
1.35	0.16	1.24	1.58	1.53	1.3	1.15	0.22	1.62	0.19	0.78	1.72	2.28	2.94	0.26	2.79	1.12	1.64	0.22	2.83	0.93	0.96	1.42	2.84	0.21	1.58	0.26	1.11	1.84	1.89	1.85	1.67	1.35	0.33	0.18	2.95	2.63	2.95	0.21	2.81	

Run no: 17
2.13	1.45	1.82	1.87	1.45	1.71	1.81	1.71	1.88	1.52	1.63	0.96	1.89	1.44	1.51	1.34	1.95	1.65	1.45	1.17	1.42	1.98	1.82	1.61	1.64	1.0	2.06	1.73	2.07	1.29	1.65	1.44	0.66	2.01	1.65	1.24	1.12	2.05	1.01	1.98	
2.74	2.42	0.15	0.15	0.15	0.13	0.13	0.14	0.15	1.05	0.14	0.17	0.14	0.15	2.31	0.17	2.03	0.15	0.15	2.33	2.74	2.64	2.52	2.32	1.06	0.92	0.59	0.12	2.19	2.93	2.58	2.93	2.93	0.1	0.19	1.06	2.19	0.15	0.14	0.14	

Run no: 18
1.52	1.74	2.0	1.61	1.93	1.0	1.69	1.69	1.52	1.34	0.92	1.93	1.49	1.82	2.02	1.42	1.6	1.41	2.04	1.36	1.48	1.96	1.69	1.64	1.86	1.74	1.68	1.39	1.88	1.94	1.82	1.6	1.14	1.8	1.38	1.31	1.28	2.06	1.97	1.94	
1.81	2.66	1.79	2.66	0.13	1.82	1.75	1.97	2.65	2.21	0.24	0.12	0.15	0.22	0.13	1.17	0.11	1.16	0.15	2.17	1.3	1.18	1.8	0.22	2.21	1.76	1.4	1.58	1.94	1.99	0.2	0.1	1.95	0.14	1.99	0.22	0.06	2.85	0.06	0.07	

Run no: 19
1.65	2.16	2.0	2.0	2.13	2.18	1.58	2.02	1.38	1.64	2.14	2.13	1.53	1.55	1.99	1.93	1.22	1.51	2.27	1.57	1.99	1.78	1.81	1.44	1.67	2.05	2.36	1.29	1.69	2.23	2.45	2.01	1.74	0.97	1.91	2.18	2.16	1.49	0.94	1.52	
3.19	3.15	3.02	2.65	0.18	0.14	3.04	2.36	0.2	1.63	2.84	2.85	0.36	0.17	3.14	0.42	0.15	0.1	0.13	0.39	1.62	0.4	2.08	0.2	0.36	2.69	2.31	0.31	0.36	0.12	1.69	1.9	0.12	1.72	0.33	0.1	3.07	3.11	3.11	0.11	

Run no: 20
1.47	1.86	1.32	2.1	1.9	1.95	2.48	1.67	2.05	1.89	2.14	1.63	2.41	2.53	2.12	1.98	2.01	2.03	1.42	1.99	1.65	1.44	1.84	1.85	1.27	1.95	1.67	1.32	1.92	1.4	1.14	1.12	1.67	1.26	2.08	1.6	1.65	2.06	1.93	2.39	
3.04	2.61	0.1	0.11	1.03	0.1	1.31	1.36	0.79	2.45	1.08	0.15	0.14	0.14	0.14	2.41	3.08	2.45	3.09	3.0	0.12	1.34	2.8	1.04	1.31	0.13	0.15	0.13	0.14	0.11	1.26	0.1	0.75	2.87	0.11	2.93	1.28	0.14	2.42	2.31	

Run no: 21
1.87	1.54	1.48	1.3	1.66	1.94	1.72	1.77	1.29	1.71	1.77	1.93	1.56	1.96	1.46	1.27	1.73	1.66	0.94	1.84	2.17	2.02	1.37	1.63	1.56	1.5	1.31	1.74	1.95	1.69	2.08	1.69	1.54	1.85	0.9	1.9	1.74	1.89	1.96	1.32	
0.18	1.02	0.2	0.2	2.5	1.64	0.98	0.92	0.21	0.15	0.94	0.21	0.17	1.29	1.15	1.14	1.37	0.21	1.32	0.17	1.27	1.17	1.14	0.15	0.18	0.94	0.15	1.28	0.19	2.72	2.78	2.32	1.09	0.17	2.56	2.4	2.14	0.13	0.19	1.02	

Run no: 22
1.47	1.73	1.59	1.06	2.34	2.1	1.43	1.65	2.16	2.06	1.81	2.18	2.67	2.0	2.17	1.27	1.17	1.23	2.0	1.43	0.73	1.71	1.71	2.03	1.23	1.28	2.02	1.82	1.8	1.8	1.88	1.11	1.34	1.9	1.06	2.09	2.17	1.72	1.41	1.87	
2.85	0.11	0.27	0.34	1.47	0.3	2.68	0.3	1.85	0.18	0.06	0.97	2.49	0.11	1.32	0.11	1.31	0.15	0.3	1.57	1.86	2.93	1.67	2.48	1.81	0.15	0.15	1.27	1.15	2.14	1.86	1.82	1.86	1.32	2.15	0.32	3.03	0.14	1.6	1.57	

Run no: 23
0.97	1.62	1.13	2.02	1.59	1.85	1.98	1.19	1.29	1.99	1.09	1.81	2.07	1.75	1.2	1.89	1.98	2.15	1.85	1.61	2.09	1.49	2.03	1.75	1.64	1.84	1.72	1.21	1.96	1.99	1.03	1.09	1.51	1.49	1.74	1.85	1.13	1.66	1.21	1.44	
2.71	2.59	2.24	2.12	0.22	2.02	1.98	0.06	0.22	2.47	0.24	0.19	2.01	1.95	0.03	1.78	0.22	2.11	0.22	1.65	0.18	0.06	1.82	1.9	0.25	2.12	2.12	0.26	0.18	2.65	2.21	0.18	0.17	1.88	0.07	0.04	2.56	1.73	0.26	0.14	

Run no: 24
1.53	1.25	2.08	1.48	1.83	1.84	1.11	1.43	1.71	1.87	1.48	2.16	1.37	2.11	2.24	1.98	1.21	1.32	1.76	1.88	1.73	1.4	2.01	1.35	1.88	1.5	1.82	1.24	1.89	2.06	1.32	1.76	1.51	1.96	1.59	2.01	1.71	1.48	1.8	1.82	
1.32	1.34	2.86	1.29	1.13	0.89	1.12	1.32	1.09	1.28	0.74	1.12	1.75	2.77	0.92	0.24	1.26	0.24	1.01	0.26	0.24	0.21	0.24	1.06	1.1	0.74	2.71	2.51	2.17	0.73	1.24	1.66	0.21	0.22	0.22	0.22	0.35	0.88	0.25	0.22	

Run no: 25
1.65	1.51	1.07	1.22	1.66	1.97	1.93	1.92	2.08	1.4	1.52	1.4	1.75	1.99	1.71	1.48	2.02	1.69	1.57	1.22	1.77	1.25	1.93	1.39	1.69	1.39	1.03	1.69	1.68	1.86	1.39	1.65	1.4	1.71	0.94	0.74	1.46	1.58	1.8	1.73	
2.55	2.04	1.86	2.66	1.12	2.02	1.12	0.0	1.84	0.06	1.44	2.32	1.47	0.01	2.06	1.07	0.23	0.12	2.1	1.29	1.29	0.05	2.09	1.81	0.05	2.57	2.57	2.56	2.57	2.56	2.57	2.57	2.57	1.46	0.11	0.05	2.27	1.83	0.11	0.1	

Run no: 26
2.01	2.3	2.35	1.37	1.87	1.68	2.13	2.51	1.76	1.99	2.24	1.33	1.41	2.23	1.23	1.39	2.15	1.34	2.05	1.4	1.25	1.77	1.39	1.75	2.17	1.73	1.25	1.9	0.94	2.36	1.92	2.03	1.21	2.25	1.87	1.52	1.18	1.95	1.39	1.35	
1.71	2.97	1.84	1.84	0.14	2.82	1.47	0.14	0.13	0.11	1.67	2.03	2.65	1.73	2.97	2.13	2.13	2.15	1.68	1.71	2.86	1.71	2.61	1.57	1.82	1.85	3.11	3.18	0.17	0.13	1.61	0.97	1.45	2.68	2.87	0.08	0.15	1.5	1.56	2.41	

Run no: 27
1.65	1.92	2.33	1.45	2.53	1.35	1.11	1.7	1.93	1.35	2.05	1.85	1.37	2.05	1.47	1.38	1.68	2.22	1.57	1.39	1.24	1.55	1.39	1.33	1.7	1.25	2.07	1.57	1.77	1.64	1.48	1.22	1.57	1.64	1.8	2.04	1.17	2.16	1.84	1.59	
2.61	2.83	2.19	2.63	2.14	1.99	1.68	2.1	2.48	0.18	2.48	1.78	2.37	2.58	2.18	0.19	1.68	2.21	2.77	0.21	0.17	0.21	0.21	1.99	2.53	2.33	2.54	1.8	2.77	2.73	2.76	2.77	1.61	0.2	0.18	0.06	0.16	2.78	2.78	0.08	

Run no: 28
2.22	0.84	1.59	2.35	2.42	2.0	2.05	1.73	1.67	1.86	1.77	1.97	1.18	1.85	1.57	1.58	2.06	2.01	1.12	1.03	1.63	1.19	1.68	1.2	1.83	1.62	1.84	1.71	1.25	1.46	1.73	1.78	2.13	1.73	1.23	1.88	1.45	1.18	2.15	1.91	
2.98	2.98	0.17	1.05	0.12	0.96	0.15	0.9	0.83	0.81	0.27	1.19	2.77	0.2	0.13	0.12	0.22	0.16	1.1	0.2	0.85	2.83	2.71	0.29	1.02	1.06	0.29	0.9	0.25	0.24	0.28	0.27	0.17	0.21	0.12	0.12	0.24	2.3	2.52	2.71	

Run no: 29
1.79	1.18	1.72	1.31	1.93	1.9	0.98	1.52	1.54	1.05	1.46	0.87	2.15	1.65	1.71	1.73	1.67	2.12	1.83	1.66	1.59	1.85	1.64	1.76	1.14	1.28	1.68	1.73	1.55	1.1	1.76	1.42	1.22	1.51	1.82	1.61	1.74	1.91	1.4	1.67	
2.54	1.59	2.43	2.28	1.39	1.57	0.48	0.23	1.28	1.18	2.28	0.38	1.27	0.11	1.44	0.23	2.39	1.49	2.55	1.13	0.23	1.01	0.07	0.15	0.05	1.56	1.58	0.07	0.07	0.09	0.12	0.06	0.23	1.25	0.23	0.05	0.12	0.07	0.07	1.1	

Run no: 30
2.1	1.56	1.16	1.56	2.05	1.45	2.03	1.62	1.93	1.83	1.79	1.91	1.81	1.7	1.17	1.83	1.7	1.58	1.08	1.57	1.85	1.34	2.13	2.12	1.66	1.58	2.18	1.39	1.8	2.07	1.76	1.82	1.86	1.08	1.27	0.97	1.76	1.34	1.89	1.37	
0.97	0.95	1.39	2.69	2.02	0.88	0.72	2.53	1.01	0.15	2.14	2.42	1.37	0.98	1.76	1.81	0.16	0.23	0.15	0.92	1.15	1.01	2.37	2.68	2.67	0.92	0.77	0.69	0.86	0.29	0.23	1.36	2.6	1.36	0.88	1.83	0.11	0.22	2.8	1.9	
